Last login: Mon Aug  3 11:26:43 on ttys000
smac9:~ tup916$ cd Desktop
smac9:Desktop tup916$ g++ -Wall 2dPivot.cc swapdir.cc Pivot_initializer.cc
smac9:Desktop tup916$ ./a.out
  0  0  0  0  0  0  0  0  0  0  0  0
  0  0  0  0  0  0  0  0  0  0  0  0
  0  0  0  0  0  0  0  0  0  0  0  0
  0  0  0  0  0  0  0  0  0  0  0  0
  0  0  0  0  4  5  6  7  0  0  0  0
  0  0  0  0  3  0  0  8  0  0  0  0
  0  0  0  0  2  0  0  9  0  0  0  0
  0  0  0  0  1 12 11 10  0  0  0  0
  0  0  0  0  0  0  0  0  0  0  0  0
  0  0  0  0  0  0  0  0  0  0  0  0
  0  0  0  0  0  0  0  0  0  0  0  0
  0  0  0  0  0  0  0  0  0  0  0  0


#2
  0  0  0  0  0  0  0  0  0  0  0  0
  0  0  0  0  0  0  0  0  0  0  0  0
  0  0  0  0  0  0  0  0  0  0  0  0
  0  0  0  0  0  0  0  0  0  0  0  0
  0  0  0  0  4  5  6  7  0  0  0  0
  0  0  0  0  3  0  0  8  0  0  0  0
  0  0  0  0  2  1 12  9  0  0  0  0
  0  0  0  0  0  0 11 10  0  0  0  0
  0  0  0  0  0  0  0  0  0  0  0  0
  0  0  0  0  0  0  0  0  0  0  0  0
  0  0  0  0  0  0  0  0  0  0  0  0
  0  0  0  0  0  0  0  0  0  0  0  0


[6,5 :2:]  [6,4 :3:]  [5,4 :3:]  [4,4 :1:]  [4,5 :1:]  [4,6 :1:]  [4,7 :4:]  [5,7 :4:]  [6,7 :4:]  [7,7 :2:]  [7,6 :3:]  [6,6 :2:]  

#3
  0  0  0  0  0  0  0  0  0  0  0  0
  0  0  0  0  0  0  0  0  0  0  0  0
  0  0  0  0  0  0  0  0  0  0  0  0
  0  0  0  0  0  0  0  0  0  0  0  0
  0  0  0  0  4  5  6  0  0  0  0  0
  0  0  0  0  3  0  7  0  0  0  0  0
  0  0  0  0  2  0  8  9  0  0  0  0
  0  0  0  0  1 12 11 10  0  0  0  0
  0  0  0  0  0  0  0  0  0  0  0  0
  0  0  0  0  0  0  0  0  0  0  0  0
  0  0  0  0  0  0  0  0  0  0  0  0
  0  0  0  0  0  0  0  0  0  0  0  0


[7,4 :3:]  [6,4 :3:]  [5,4 :3:]  [4,4 :1:]  [4,5 :1:]  [4,6 :4:]  [5,6 :4:]  [6,6 :1:]  [6,7 :4:]  [7,7 :2:]  [7,6 :2:]  [7,5 :2:]  

#4
  0  0  0  0  0  0  0  0  0  0  0  0
  0  0  0  0  0  0  0  0  0  0  0  0
  0  0  0  0  0  0  0  0  0  0  0  0
  0  0  0  0  0  0  0  0  0  0  0  0
  0  0  0  0  4  5  0  0  0  0  0  0
  0  0  0  0  3  6  7  0  0  0  0  0
  0  0  0  0  2  0  8  9  0  0  0  0
  0  0  0  0  1 12 11 10  0  0  0  0
  0  0  0  0  0  0  0  0  0  0  0  0
  0  0  0  0  0  0  0  0  0  0  0  0
  0  0  0  0  0  0  0  0  0  0  0  0
  0  0  0  0  0  0  0  0  0  0  0  0


[7,4 :3:]  [6,4 :3:]  [5,4 :3:]  [4,4 :1:]  [4,5 :4:]  [5,5 :1:]  [5,6 :4:]  [6,6 :1:]  [6,7 :4:]  [7,7 :2:]  [7,6 :2:]  [7,5 :2:]  

#5
  0  0  0  0  0  0  0  0  0  0  0  0
  0  0  0  0  0  0  0  0  0  0  0  0
  0  0  0  0  0  0  0  0  0  0  0  0
  0  0  0  0  0  0  0  0  0  0  0  0
  0  0  0  0  0  0  0  0  0  0  0  0
  0  0  5  4  3  0  0  0  0  0  0  0
  0  0  6  0  2  0  0  0  0  0  0  0
  0  0  7  0  1 12  0  0  0  0  0  0
  0  0  8  9 10 11  0  0  0  0  0  0
  0  0  0  0  0  0  0  0  0  0  0  0
  0  0  0  0  0  0  0  0  0  0  0  0
  0  0  0  0  0  0  0  0  0  0  0  0


[7,4 :3:]  [6,4 :3:]  [5,4 :2:]  [5,3 :2:]  [5,2 :4:]  [6,2 :4:]  [7,2 :4:]  [8,2 :1:]  [8,3 :1:]  [8,4 :1:]  [8,5 :3:]  [7,5 :2:]  

#6
  0  0  0  0  0  0  0  0  0  0  0  0
  0  0  0  0  0  0  0  0  0  0  0  0
  0  0  0  0  0  0  0  0  0  0  0  0
  0  0  0  0  0  0  0  0  0  0  0  0
  0  0  0  0  0  0  0  0  0  0  0  0
  0  0  5  4  3  0  0  0  0  0  0  0
  0  0  6  0  2  1  0  0  0  0  0  0
  0  0  7  0  0 12  0  0  0  0  0  0
  0  0  8  9 10 11  0  0  0  0  0  0
  0  0  0  0  0  0  0  0  0  0  0  0
  0  0  0  0  0  0  0  0  0  0  0  0
  0  0  0  0  0  0  0  0  0  0  0  0


[6,5 :2:]  [6,4 :3:]  [5,4 :2:]  [5,3 :2:]  [5,2 :4:]  [6,2 :4:]  [7,2 :4:]  [8,2 :1:]  [8,3 :1:]  [8,4 :1:]  [8,5 :3:]  [7,5 :3:]  

#7
  0  0  0  0  0  0  0  0  0  0  0  0
  0  0  0  0  0  0  0  0  0  0  0  0
  0  0  0  0  0  0  0  0  0  0  0  0
  0  0  0  0  0  0  0  0  0  0  0  0
  0  0  0  0  0  0  0  0  0  0  0  0
  0  0  5  4  0  0  0  0  0  0  0  0
  0  0  6  3  2  1  0  0  0  0  0  0
  0  0  7  0  0 12  0  0  0  0  0  0
  0  0  8  9 10 11  0  0  0  0  0  0
  0  0  0  0  0  0  0  0  0  0  0  0
  0  0  0  0  0  0  0  0  0  0  0  0
  0  0  0  0  0  0  0  0  0  0  0  0


[6,5 :2:]  [6,4 :2:]  [6,3 :3:]  [5,3 :2:]  [5,2 :4:]  [6,2 :4:]  [7,2 :4:]  [8,2 :1:]  [8,3 :1:]  [8,4 :1:]  [8,5 :3:]  [7,5 :3:]  

#8
  0  0  0  0  0  0  0  0  0  0  0  0
  0  0  0  0  0  0  0  0  0  0  0  0
  0  0  0  0  0  0  0  0  0  0  0  0
  0  0  0  0  0  0  0  0  0  0  0  0
  0  0  0  0  0  0  0  0  0  0  0  0
  0  0  5  4  0  0  0  0  0  0  0  0
  0  0  6  3  2  1  0  0  0  0  0  0
  0  0  7  8  0 12  0  0  0  0  0  0
  0  0  0  9 10 11  0  0  0  0  0  0
  0  0  0  0  0  0  0  0  0  0  0  0
  0  0  0  0  0  0  0  0  0  0  0  0
  0  0  0  0  0  0  0  0  0  0  0  0


[6,5 :2:]  [6,4 :2:]  [6,3 :3:]  [5,3 :2:]  [5,2 :4:]  [6,2 :4:]  [7,2 :1:]  [7,3 :4:]  [8,3 :1:]  [8,4 :1:]  [8,5 :3:]  [7,5 :3:]  

#9
  0  0  0  0  0  0  0  0  0  0  0  0
  0  0  0  0  0  0  0  0  0  0  0  0
  0  0  0  0  0  0  0  0  0  0  0  0
  0  0  0  0  0  0  0  0  0  0  0  0
  0  0  0  0  0  0  6  7  0  0  0  0
  0  0  0  0  3  4  5  8  0  0  0  0
  0  0  0  0  2  0  0  9  0  0  0  0
  0  0  0  0  1 12 11 10  0  0  0  0
  0  0  0  0  0  0  0  0  0  0  0  0
  0  0  0  0  0  0  0  0  0  0  0  0
  0  0  0  0  0  0  0  0  0  0  0  0
  0  0  0  0  0  0  0  0  0  0  0  0


[7,4 :3:]  [6,4 :3:]  [5,4 :1:]  [5,5 :1:]  [5,6 :3:]  [4,6 :1:]  [4,7 :4:]  [5,7 :4:]  [6,7 :4:]  [7,7 :2:]  [7,6 :2:]  [7,5 :2:]  

#10
  0  0  0  0  0  0  0  0  0  0  0  0
  0  0  0  0  0  0  0  0  0  0  0  0
  0  0  0  0  0  0  0  0  0  0  0  0
  0  0  0  0  0  0  0  0  0  0  0  0
  0  0  0  0  0  0  6  7  0  0  0  0
  0  0  0  0  3  4  5  8  0  0  0  0
  0  0  0  0  2  0 10  9  0  0  0  0
  0  0  0  0  1 12 11  0  0  0  0  0
  0  0  0  0  0  0  0  0  0  0  0  0
  0  0  0  0  0  0  0  0  0  0  0  0
  0  0  0  0  0  0  0  0  0  0  0  0
  0  0  0  0  0  0  0  0  0  0  0  0


[7,4 :3:]  [6,4 :3:]  [5,4 :1:]  [5,5 :1:]  [5,6 :3:]  [4,6 :1:]  [4,7 :4:]  [5,7 :4:]  [6,7 :2:]  [6,6 :4:]  [7,6 :2:]  [7,5 :2:]  

#11
  0  0  0  0  0  0  0  0  0  0  0  0
  0  0  0  0  0  0  0  0  0  0  0  0
  0  0  0  0  0  0  0  0  0  0  0  0
  0  0  0  0  0  0  0  0  0  0  0  0
  0  0  0  0  0  0  6  7  0  0  0  0
  0  0  0  0  0  4  5  8  0  0  0  0
  0  0  0  0  2  3 10  9  0  0  0  0
  0  0  0  0  1 12 11  0  0  0  0  0
  0  0  0  0  0  0  0  0  0  0  0  0
  0  0  0  0  0  0  0  0  0  0  0  0
  0  0  0  0  0  0  0  0  0  0  0  0
  0  0  0  0  0  0  0  0  0  0  0  0


[7,4 :3:]  [6,4 :1:]  [6,5 :3:]  [5,5 :1:]  [5,6 :3:]  [4,6 :1:]  [4,7 :4:]  [5,7 :4:]  [6,7 :2:]  [6,6 :4:]  [7,6 :2:]  [7,5 :2:]  

#12
  0  0  0  0  0  0  0  0  0  0  0  0
  0  0  0  0  0  0  0  0  0  0  0  0
  0  0  0  0  0  0  0  0  0  0  0  0
  0  0  0  0  0  0  0  0  0  0  0  0
  0  0  0  0  0  0  6  7  0  0  0  0
  0  0  0  0  0  4  5  8  0  0  0  0
  0  0  0  0  2  3  0  9  0  0  0  0
  0  0  0  0  1 12 11 10  0  0  0  0
  0  0  0  0  0  0  0  0  0  0  0  0
  0  0  0  0  0  0  0  0  0  0  0  0
  0  0  0  0  0  0  0  0  0  0  0  0
  0  0  0  0  0  0  0  0  0  0  0  0


[7,4 :3:]  [6,4 :1:]  [6,5 :3:]  [5,5 :1:]  [5,6 :3:]  [4,6 :1:]  [4,7 :4:]  [5,7 :4:]  [6,7 :4:]  [7,7 :2:]  [7,6 :2:]  [7,5 :2:]  

#13
  0  0  0  0  0  0  0  0  0  0  0  0
  0  0  0  0  0  0  0  0  0  0  0  0
  0  0  0  0  0  0  0  0  0  0  0  0
  0  0  0  0  0  0  0  0  0  0  0  0
  0  0  0  0  0  0  6  7  0  0  0  0
  0  0  0  0  0  0  5  8  0  0  0  0
  0  0  0  0  2  3  4  9  0  0  0  0
  0  0  0  0  1 12 11 10  0  0  0  0
  0  0  0  0  0  0  0  0  0  0  0  0
  0  0  0  0  0  0  0  0  0  0  0  0
  0  0  0  0  0  0  0  0  0  0  0  0
  0  0  0  0  0  0  0  0  0  0  0  0


[7,4 :3:]  [6,4 :1:]  [6,5 :1:]  [6,6 :3:]  [5,6 :3:]  [4,6 :1:]  [4,7 :4:]  [5,7 :4:]  [6,7 :4:]  [7,7 :2:]  [7,6 :2:]  [7,5 :2:]  

#14
  0  0  0  0  0  0  0  0  0  0  0  0
  0  0  0  0  0  0  0  0  0  0  0  0
  0  0  0  0  0  0  0  0  0  0  0  0
  0  0  0  0  0  0  0  0  0  0  0  0
  0  0  0  0  0  0  0  0  0  0  0  0
  0  0  0  0  0  0  0  0  0  0  0  0
  0  0  0  0  0  0  0  0  0  0  0  0
  0  0  0  0  1 12 11 10  0  0  0  0
  0  0  0  0  2  0  0  9  0  0  0  0
  0  0  0  0  3  0  0  8  0  0  0  0
  0  0  0  0  4  5  6  7  0  0  0  0
  0  0  0  0  0  0  0  0  0  0  0  0


[7,4 :4:]  [8,4 :4:]  [9,4 :4:]  [10,4 :1:]  [10,5 :1:]  [10,6 :1:]  [10,7 :3:]  [9,7 :3:]  [8,7 :3:]  [7,7 :2:]  [7,6 :2:]  [7,5 :2:]  

#15
  0  0  0  0  0  0  0  0  0  0  0  0
  0  0  0  0  0  0  0  0  0  0  0  0
  0  0  0  0  0  0  0  0  0  0  0  0
  0  0  0  0  0  0  0  0  0  0  0  0
  0  0  0  0  0  0  0  0  0  0  0  0
  0  0  0  0  0  0  0  0  0  0  0  0
  0  0  0  7  8  9 10  0  0  0  0  0
  0  0  0  6  1 12 11  0  0  0  0  0
  0  0  0  5  2  0  0  0  0  0  0  0
  0  0  0  4  3  0  0  0  0  0  0  0
  0  0  0  0  0  0  0  0  0  0  0  0
  0  0  0  0  0  0  0  0  0  0  0  0


[7,4 :4:]  [8,4 :4:]  [9,4 :2:]  [9,3 :3:]  [8,3 :3:]  [7,3 :3:]  [6,3 :1:]  [6,4 :1:]  [6,5 :1:]  [6,6 :4:]  [7,6 :2:]  [7,5 :2:]  

#16
  0  0  0  0  0  0  0  0  0  0  0  0
  0  0  0  0  0  0  0  0  0  0  0  0
  0  0  0  0  0  0  0  0  0  0  0  0
  0  0  0  0  0  0  0  0  0  0  0  0
  0  0  0  0  0  0  0  0  0  0  0  0
  0  0  0  0  0  0  0  0  0  0  0  0
  0  0  0  3  2  0  0  0  0  0  0  0
  0  0  0  4  1 12 11  0  0  0  0  0
  0  0  0  5  0  0 10  0  0  0  0  0
  0  0  0  6  7  8  9  0  0  0  0  0
  0  0  0  0  0  0  0  0  0  0  0  0
  0  0  0  0  0  0  0  0  0  0  0  0


[7,4 :3:]  [6,4 :2:]  [6,3 :4:]  [7,3 :4:]  [8,3 :4:]  [9,3 :1:]  [9,4 :1:]  [9,5 :1:]  [9,6 :3:]  [8,6 :3:]  [7,6 :2:]  [7,5 :2:]  

#17
  0  0  0  0  0  0  0  0  0  0  0  0
  0  0  0  0  0  0  0  0  0  0  0  0
  0  0  0  0  0  0  0  0  0  0  0  0
  0  0  0  0  0  0  0  0  0  0  0  0
  0  0  0  0  0  0  0  0  0  0  0  0
  0  0  0  4  3  0  0  0  0  0  0  0
  0  0  0  5  2  0  0  0  0  0  0  0
  0  0  0  6  1 12 11  0  0  0  0  0
  0  0  0  7  8  9 10  0  0  0  0  0
  0  0  0  0  0  0  0  0  0  0  0  0
  0  0  0  0  0  0  0  0  0  0  0  0
  0  0  0  0  0  0  0  0  0  0  0  0


[7,4 :3:]  [6,4 :3:]  [5,4 :2:]  [5,3 :4:]  [6,3 :4:]  [7,3 :4:]  [8,3 :1:]  [8,4 :1:]  [8,5 :1:]  [8,6 :3:]  [7,6 :2:]  [7,5 :2:]  

#18
  0  0  0  0  0  0  0  0  0  0  0  0
  0  0  0  0  0  0  0  0  0  0  0  0
  0  0  0  0  0  0  0  0  0  0  0  0
  0  0  0  0  0  0  0  0  0  0  0  0
  0  0  0  0  0  5  6  7  0  0  0  0
  0  0  0  0  0  4  0  8  0  0  0  0
  0  0  0  0  2  3  0  9  0  0  0  0
  0  0  0  0  1 12 11 10  0  0  0  0
  0  0  0  0  0  0  0  0  0  0  0  0
  0  0  0  0  0  0  0  0  0  0  0  0
  0  0  0  0  0  0  0  0  0  0  0  0
  0  0  0  0  0  0  0  0  0  0  0  0


[7,4 :3:]  [6,4 :1:]  [6,5 :3:]  [5,5 :3:]  [4,5 :1:]  [4,6 :1:]  [4,7 :4:]  [5,7 :4:]  [6,7 :4:]  [7,7 :2:]  [7,6 :2:]  [7,5 :2:]  

#19
  0  0  0  0  0  0  0  0  0  0  0  0
  0  0  0  0  0  0  0  0  0  0  0  0
  0  0  0  0  0  0  0  0  0  0  0  0
  0  0  0  0  0  0  0  0  0  0  0  0
  0  0  0  0  0  0  0  0  0  0  0  0
  0  0  0  0  0  0  0  0  0  0  0  0
  0  0  0  0  0  0  0  0  0  0  0  0
  0  0  0  2  1 12 11  0  0  0  0  0
  0  0  0  3  0  0 10  0  0  0  0  0
  0  0  0  4  0  0  9  0  0  0  0  0
  0  0  0  5  6  7  8  0  0  0  0  0
  0  0  0  0  0  0  0  0  0  0  0  0


[7,4 :2:]  [7,3 :4:]  [8,3 :4:]  [9,3 :4:]  [10,3 :1:]  [10,4 :1:]  [10,5 :1:]  [10,6 :3:]  [9,6 :3:]  [8,6 :3:]  [7,6 :2:]  [7,5 :2:]  

#20
  0  0  0  0  0  0  0  0  0  0  0  0
  0  0  0  0  0  0  0  0  0  0  0  0
  0  0  0  0  0  0  0  0  0  0  0  0
  0  0  0  0  0  0  0  0  0  0  0  0
  0  0  0  0  0  5  6  7  0  0  0  0
  0  0  0  0  3  4  0  8  0  0  0  0
  0  0  0  0  2  0  0  9  0  0  0  0
  0  0  0  0  1 12 11 10  0  0  0  0
  0  0  0  0  0  0  0  0  0  0  0  0
  0  0  0  0  0  0  0  0  0  0  0  0
  0  0  0  0  0  0  0  0  0  0  0  0
  0  0  0  0  0  0  0  0  0  0  0  0


[7,4 :3:]  [6,4 :3:]  [5,4 :1:]  [5,5 :3:]  [4,5 :1:]  [4,6 :1:]  [4,7 :4:]  [5,7 :4:]  [6,7 :4:]  [7,7 :2:]  [7,6 :2:]  [7,5 :2:]  

#21
  0  0  0  0  0  0  0  0  0  0  0  0
  0  0  0  0  0  0  0  0  0  0  0  0
  0  0  0  0  0  0  0  0  0  0  0  0
  0  0  0  0  0  0  0  0  0  0  0  0
  0  0  0  0  0  0  0  0  0  0  0  0
  0  0  0  0  0  0  0  0  0  0  0  0
  0  0  0  0  0  0  0  0  0  0  0  0
  0  0  3  2  1 12  0  0  0  0  0  0
  0  0  4  0  0 11  0  0  0  0  0  0
  0  0  5  0  0 10  0  0  0  0  0  0
  0  0  6  7  8  9  0  0  0  0  0  0
  0  0  0  0  0  0  0  0  0  0  0  0


[7,4 :2:]  [7,3 :2:]  [7,2 :4:]  [8,2 :4:]  [9,2 :4:]  [10,2 :1:]  [10,3 :1:]  [10,4 :1:]  [10,5 :3:]  [9,5 :3:]  [8,5 :3:]  [7,5 :2:]  

#22
  0  0  0  0  0  0  0  0  0  0  0  0
  0  0  0  0  0  0  0  0  0  0  0  0
  0  0  0  0  0  0  0  0  0  0  0  0
  0  0  0  0  0  0  0  0  0  0  0  0
  0  0  0  0  0  0  0  0  0  0  0  0
  0  0  0  0  0  0  0  0  0  0  0  0
  0  0  0  0  0  0  0  0  0  0  0  0
  0  0  3  2  1 12  0  0  0  0  0  0
  0  0  4  0  0 11  0  0  0  0  0  0
  0  0  5  0  9 10  0  0  0  0  0  0
  0  0  6  7  8  0  0  0  0  0  0  0
  0  0  0  0  0  0  0  0  0  0  0  0


[7,4 :2:]  [7,3 :2:]  [7,2 :4:]  [8,2 :4:]  [9,2 :4:]  [10,2 :1:]  [10,3 :1:]  [10,4 :3:]  [9,4 :1:]  [9,5 :3:]  [8,5 :3:]  [7,5 :2:]  

#23
  0  0  0  0  0  0  0  0  0  0  0  0
  0  0  0  0  0  0  0  0  0  0  0  0
  0  0  0  0  0  0  0  0  0  0  0  0
  0  0  0  0  0  0  0  0  0  0  0  0
  0  0  0  0  0  0  0  0  0  0  0  0
  0  0  0  0  0  0  0  0  0  0  0  0
  0  0  0  0  0  0  0  0  0  0  0  0
  0  0  0  2  1 12  0  0  0  0  0  0
  0  0  4  3  0 11  0  0  0  0  0  0
  0  0  5  0  9 10  0  0  0  0  0  0
  0  0  6  7  8  0  0  0  0  0  0  0
  0  0  0  0  0  0  0  0  0  0  0  0


[7,4 :2:]  [7,3 :4:]  [8,3 :2:]  [8,2 :4:]  [9,2 :4:]  [10,2 :1:]  [10,3 :1:]  [10,4 :3:]  [9,4 :1:]  [9,5 :3:]  [8,5 :3:]  [7,5 :2:]  

#24
  0  0  0  0  0  0  0  0  0  0  0  0
  0  0  0  0  0  0  0  0  0  0  0  0
  0  0  0  0  0  0  0  0  0  0  0  0
  0  0  0  0  0  0  0  0  0  0  0  0
  0  0  0  0  0  0  0  0  0  0  0  0
  0  0  0  0  0  0  0  0  0  0  0  0
  0  0  0  0  0  0  0  0  0  0  0  0
  0  0  0  2  1 12  0  0  0  0  0  0
  0  0  4  3 10 11  0  0  0  0  0  0
  0  0  5  8  9  0  0  0  0  0  0  0
  0  0  6  7  0  0  0  0  0  0  0  0
  0  0  0  0  0  0  0  0  0  0  0  0


[7,4 :2:]  [7,3 :4:]  [8,3 :2:]  [8,2 :4:]  [9,2 :4:]  [10,2 :1:]  [10,3 :3:]  [9,3 :1:]  [9,4 :3:]  [8,4 :1:]  [8,5 :3:]  [7,5 :2:]  

#25
  0  0  0  0  0  0  0  0  0  0  0  0
  0  0  0  0  0  0  0  0  0  0  0  0
  0  0  0  0  0  0  0  0  0  0  0  0
  0  0  0  0  0  0  0  0  0  0  0  0
  0  0  0  0  4  5  0  0  0  0  0  0
  0  0  0  0  3  6  7  8  0  0  0  0
  0  0  0  0  2  0  0  9  0  0  0  0
  0  0  0  0  1 12 11 10  0  0  0  0
  0  0  0  0  0  0  0  0  0  0  0  0
  0  0  0  0  0  0  0  0  0  0  0  0
  0  0  0  0  0  0  0  0  0  0  0  0
  0  0  0  0  0  0  0  0  0  0  0  0


[7,4 :3:]  [6,4 :3:]  [5,4 :3:]  [4,4 :1:]  [4,5 :4:]  [5,5 :1:]  [5,6 :1:]  [5,7 :4:]  [6,7 :4:]  [7,7 :2:]  [7,6 :2:]  [7,5 :2:]  

#26
  0  0  0  0  0  0  0  0  0  0  0  0
  0  0  0  0  0  0  0  0  0  0  0  0
  0  0  0  0  0  0  0  0  0  0  0  0
  0  0  0  0  0  0  0  0  0  0  0  0
  0  0  0  0  0  0  0  0  0  0  0  0
  0  0  0  0  0  0  0  0  0  0  0  0
  0  0  4  3  2  0  0  0  0  0  0  0
  0  0  5  6  1 12  0  0  0  0  0  0
  0  0  0  7  0 11  0  0  0  0  0  0
  0  0  0  8  9 10  0  0  0  0  0  0
  0  0  0  0  0  0  0  0  0  0  0  0
  0  0  0  0  0  0  0  0  0  0  0  0


[7,4 :3:]  [6,4 :2:]  [6,3 :2:]  [6,2 :4:]  [7,2 :1:]  [7,3 :4:]  [8,3 :4:]  [9,3 :1:]  [9,4 :1:]  [9,5 :3:]  [8,5 :3:]  [7,5 :2:]  

#27
  0  0  0  0  0  0  0  0  0  0  0  0
  0  0  0  0  0  0  0  0  0  0  0  0
  0  0  0  0  0  0  0  0  0  0  0  0
  0  0  0  0  0  0  0  0  0  0  0  0
  0  0  0  0  4  5  6  7  0  0  0  0
  0  0  0  0  3  0  0  8  0  0  0  0
  0  0  0  0  2 11 10  9  0  0  0  0
  0  0  0  0  1 12  0  0  0  0  0  0
  0  0  0  0  0  0  0  0  0  0  0  0
  0  0  0  0  0  0  0  0  0  0  0  0
  0  0  0  0  0  0  0  0  0  0  0  0
  0  0  0  0  0  0  0  0  0  0  0  0


[7,4 :3:]  [6,4 :3:]  [5,4 :3:]  [4,4 :1:]  [4,5 :1:]  [4,6 :1:]  [4,7 :4:]  [5,7 :4:]  [6,7 :2:]  [6,6 :2:]  [6,5 :4:]  [7,5 :2:]  

#28
  0  0  0  0  0  0  0  0  0  0  0  0
  0  0  0  0  0  0  0  0  0  0  0  0
  0  0  0  0  0  0  0  0  0  0  0  0
  0  0  0  0  0  0  0  0  0  0  0  0
  0  0  0  0  4  5  6  7  0  0  0  0
  0  0  0  0  3  0  0  8  0  0  0  0
  0  0  0  0  2  0 10  9  0  0  0  0
  0  0  0  0  1 12 11  0  0  0  0  0
  0  0  0  0  0  0  0  0  0  0  0  0
  0  0  0  0  0  0  0  0  0  0  0  0
  0  0  0  0  0  0  0  0  0  0  0  0
  0  0  0  0  0  0  0  0  0  0  0  0


[7,4 :3:]  [6,4 :3:]  [5,4 :3:]  [4,4 :1:]  [4,5 :1:]  [4,6 :1:]  [4,7 :4:]  [5,7 :4:]  [6,7 :2:]  [6,6 :4:]  [7,6 :2:]  [7,5 :2:]  

#29
  0  0  0  0  0  0  0  0  0  0  0  0
  0  0  0  0  0  0  0  0  0  0  0  0
  0  0  0  0  0  0  0  0  0  0  0  0
  0  0  0  0  0  0  0  0  0  0  0  0
  0  0  0  0  4  5  6  7  0  0  0  0
  0  0  0  0  3  0  9  8  0  0  0  0
  0  0  0  0  2  0 10  0  0  0  0  0
  0  0  0  0  1 12 11  0  0  0  0  0
  0  0  0  0  0  0  0  0  0  0  0  0
  0  0  0  0  0  0  0  0  0  0  0  0
  0  0  0  0  0  0  0  0  0  0  0  0
  0  0  0  0  0  0  0  0  0  0  0  0


[7,4 :3:]  [6,4 :3:]  [5,4 :3:]  [4,4 :1:]  [4,5 :1:]  [4,6 :1:]  [4,7 :4:]  [5,7 :2:]  [5,6 :4:]  [6,6 :4:]  [7,6 :2:]  [7,5 :2:]  

#30
  0  0  0  0  0  0  0  0  0  0  0  0
  0  0  0  0  0  0  0  0  0  0  0  0
  0  0  0  0  0  0  0  0  0  0  0  0
  0  0  0  0  0  0  0  0  0  0  0  0
  0  0  0  0  4  5  6  7  0  0  0  0
  0  0  0  0  3  0  9  8  0  0  0  0
  0  0  0  0  2 11 10  0  0  0  0  0
  0  0  0  0  1 12  0  0  0  0  0  0
  0  0  0  0  0  0  0  0  0  0  0  0
  0  0  0  0  0  0  0  0  0  0  0  0
  0  0  0  0  0  0  0  0  0  0  0  0
  0  0  0  0  0  0  0  0  0  0  0  0


[7,4 :3:]  [6,4 :3:]  [5,4 :3:]  [4,4 :1:]  [4,5 :1:]  [4,6 :1:]  [4,7 :4:]  [5,7 :2:]  [5,6 :4:]  [6,6 :2:]  [6,5 :4:]  [7,5 :2:]  

#31
  0  0  0  0  0  0  0  0  0  0  0  0
  0  0  0  0  0  0  0  0  0  0  0  0
  0  0  0  0  0  0  0  0  0  0  0  0
  0  0  0  0  0  0  0  0  0  0  0  0
  0  0  0  0  4  5  6  7  0  0  0  0
  0  0  0  0  3 10  9  8  0  0  0  0
  0  0  0  0  2 11  0  0  0  0  0  0
  0  0  0  0  1 12  0  0  0  0  0  0
  0  0  0  0  0  0  0  0  0  0  0  0
  0  0  0  0  0  0  0  0  0  0  0  0
  0  0  0  0  0  0  0  0  0  0  0  0
  0  0  0  0  0  0  0  0  0  0  0  0


[7,4 :3:]  [6,4 :3:]  [5,4 :3:]  [4,4 :1:]  [4,5 :1:]  [4,6 :1:]  [4,7 :4:]  [5,7 :2:]  [5,6 :2:]  [5,5 :4:]  [6,5 :4:]  [7,5 :2:]  

#32
  0  0  0  0  0  0  0  0  0  0  0  0
  0  0  0  0  0  0  0  0  0  0  0  0
  0  0  0  0  0  0  0  0  0  0  0  0
  0  0  0  0  0  0  0  0  0  0  0  0
  0  0  0  0  4  5  6  7  0  0  0  0
  0  0  0  0  3  2  0  8  0  0  0  0
  0  0  0  0  0  1  0  9  0  0  0  0
  0  0  0  0  0 12 11 10  0  0  0  0
  0  0  0  0  0  0  0  0  0  0  0  0
  0  0  0  0  0  0  0  0  0  0  0  0
  0  0  0  0  0  0  0  0  0  0  0  0
  0  0  0  0  0  0  0  0  0  0  0  0


[6,5 :3:]  [5,5 :2:]  [5,4 :3:]  [4,4 :1:]  [4,5 :1:]  [4,6 :1:]  [4,7 :4:]  [5,7 :4:]  [6,7 :4:]  [7,7 :2:]  [7,6 :2:]  [7,5 :3:]  

#33
  0  0  0  0  0  0  0  0  0  0  0  0
  0  0  0  0  0  0  0  0  0  0  0  0
  0  0  0  0  0  0  0  0  0  0  0  0
  0  0  0  0  0  0  0  0  0  0  0  0
  0  0  0  0  4  5  6  7  0  0  0  0
  0  0  0  0  3  2  0  8  0  0  0  0
  0  0  0  0  0  1 12  9  0  0  0  0
  0  0  0  0  0  0 11 10  0  0  0  0
  0  0  0  0  0  0  0  0  0  0  0  0
  0  0  0  0  0  0  0  0  0  0  0  0
  0  0  0  0  0  0  0  0  0  0  0  0
  0  0  0  0  0  0  0  0  0  0  0  0


[6,5 :3:]  [5,5 :2:]  [5,4 :3:]  [4,4 :1:]  [4,5 :1:]  [4,6 :1:]  [4,7 :4:]  [5,7 :4:]  [6,7 :4:]  [7,7 :2:]  [7,6 :3:]  [6,6 :2:]  

#34
  0  0  0  0  0  0  0  0  0  0  0  0
  0  0  0  0  0  0  0  0  0  0  0  0
  0  0  0  0  0  0  0  0  0  0  0  0
  0  0  0  0  0  0  0  0  0  0  0  0
  0  0  0  0  4  5  6  0  0  0  0  0
  0  0  0  0  3  2  7  8  0  0  0  0
  0  0  0  0  0  1 12  9  0  0  0  0
  0  0  0  0  0  0 11 10  0  0  0  0
  0  0  0  0  0  0  0  0  0  0  0  0
  0  0  0  0  0  0  0  0  0  0  0  0
  0  0  0  0  0  0  0  0  0  0  0  0
  0  0  0  0  0  0  0  0  0  0  0  0


[6,5 :3:]  [5,5 :2:]  [5,4 :3:]  [4,4 :1:]  [4,5 :1:]  [4,6 :4:]  [5,6 :1:]  [5,7 :4:]  [6,7 :4:]  [7,7 :2:]  [7,6 :3:]  [6,6 :2:]  

#35
  0  0  0  0  0  0  0  0  0  0  0  0
  0  0  0  0  0  0  0  0  0  0  0  0
  0  0  0  0  0  0  0  0  0  0  0  0
  0  0  0  0  0  0  0  0  0  0  0  0
  0  0  0  0  0  0  0  0  0  0  0  0
  0  0  0  4  3  2  0  0  0  0  0  0
  0  0  0  5  0  1 12  0  0  0  0  0
  0  0  0  6  7  0 11  0  0  0  0  0
  0  0  0  0  8  9 10  0  0  0  0  0
  0  0  0  0  0  0  0  0  0  0  0  0
  0  0  0  0  0  0  0  0  0  0  0  0
  0  0  0  0  0  0  0  0  0  0  0  0


[6,5 :3:]  [5,5 :2:]  [5,4 :2:]  [5,3 :4:]  [6,3 :4:]  [7,3 :1:]  [7,4 :4:]  [8,4 :1:]  [8,5 :1:]  [8,6 :3:]  [7,6 :3:]  [6,6 :2:]  

#36
  0  0  0  0  0  0  0  0  0  0  0  0
  0  0  0  0  0  0  0  0  0  0  0  0
  0  0  0  0  0  0  0  0  0  0  0  0
  0  0  0  0  0  0  0  0  0  0  0  0
  0  0  0  0  0  0  0  0  0  0  0  0
  0  0  0  4  3  2  0  0  0  0  0  0
  0  0  0  5  0  1 12  0  0  0  0  0
  0  0  0  6  0  0 11  0  0  0  0  0
  0  0  0  7  8  9 10  0  0  0  0  0
  0  0  0  0  0  0  0  0  0  0  0  0
  0  0  0  0  0  0  0  0  0  0  0  0
  0  0  0  0  0  0  0  0  0  0  0  0


[6,5 :3:]  [5,5 :2:]  [5,4 :2:]  [5,3 :4:]  [6,3 :4:]  [7,3 :4:]  [8,3 :1:]  [8,4 :1:]  [8,5 :1:]  [8,6 :3:]  [7,6 :3:]  [6,6 :2:]  

#37
  0  0  0  0  0  0  0  0  0  0  0  0
  0  0  0  0  0  0  0  0  0  0  0  0
  0  0  0  0  0  0  0  0  0  0  0  0
  0  0  0  0  0  0  0  0  0  0  0  0
  0  0  0  0  0  0  0  0  0  0  0  0
  0  0  0  0  3  2  0  0  0  0  0  0
  0  0  0  5  4  1 12  0  0  0  0  0
  0  0  0  6  0  0 11  0  0  0  0  0
  0  0  0  7  8  9 10  0  0  0  0  0
  0  0  0  0  0  0  0  0  0  0  0  0
  0  0  0  0  0  0  0  0  0  0  0  0
  0  0  0  0  0  0  0  0  0  0  0  0


[6,5 :3:]  [5,5 :2:]  [5,4 :4:]  [6,4 :2:]  [6,3 :4:]  [7,3 :4:]  [8,3 :1:]  [8,4 :1:]  [8,5 :1:]  [8,6 :3:]  [7,6 :3:]  [6,6 :2:]  

#38
  0  0  0  0  0  0  0  0  0  0  0  0
  0  0  0  0  0  0  0  0  0  0  0  0
  0  0  0  0  0  0  0  0  0  0  0  0
  0  0  0  0  0  0  0  0  0  0  0  0
  0  0  0  0  0  0  0  0  0  0  0  0
  0  0  0  0  3  2  1  0  0  0  0  0
  0  0  0  5  4  0 12  0  0  0  0  0
  0  0  0  6  0  0 11  0  0  0  0  0
  0  0  0  7  8  9 10  0  0  0  0  0
  0  0  0  0  0  0  0  0  0  0  0  0
  0  0  0  0  0  0  0  0  0  0  0  0
  0  0  0  0  0  0  0  0  0  0  0  0


[5,6 :2:]  [5,5 :2:]  [5,4 :4:]  [6,4 :2:]  [6,3 :4:]  [7,3 :4:]  [8,3 :1:]  [8,4 :1:]  [8,5 :1:]  [8,6 :3:]  [7,6 :3:]  [6,6 :3:]  

#39
  0  0  0  0  0  0  0  0  0  0  0  0
  0  0  0  0  0  0  0  0  0  0  0  0
  0  0  0  0  0  0  0  0  0  0  0  0
  0  0  0  0  0  0  0  0  0  0  0  0
  0  0  0  0  0  0  0  0  0  0  0  0
  0  0  0  4  3  2  1  0  0  0  0  0
  0  0  0  5  0  0 12  0  0  0  0  0
  0  0  0  6  0  0 11  0  0  0  0  0
  0  0  0  7  8  9 10  0  0  0  0  0
  0  0  0  0  0  0  0  0  0  0  0  0
  0  0  0  0  0  0  0  0  0  0  0  0
  0  0  0  0  0  0  0  0  0  0  0  0


[5,6 :2:]  [5,5 :2:]  [5,4 :2:]  [5,3 :4:]  [6,3 :4:]  [7,3 :4:]  [8,3 :1:]  [8,4 :1:]  [8,5 :1:]  [8,6 :3:]  [7,6 :3:]  [6,6 :3:]  

#40
  0  0  0  0  0  0  0  0  0  0  0  0
  0  0  0  0  0  0  0  0  0  0  0  0
  0  0  0  0  0  0  0  0  0  0  0  0
  0  0  0  0  0  0  0  0  0  0  0  0
  0  0  0  0  4  5  6  7  0  0  0  0
  0  0  0  0  3  2  1  8  0  0  0  0
  0  0  0  0  0  0 12  9  0  0  0  0
  0  0  0  0  0  0 11 10  0  0  0  0
  0  0  0  0  0  0  0  0  0  0  0  0
  0  0  0  0  0  0  0  0  0  0  0  0
  0  0  0  0  0  0  0  0  0  0  0  0
  0  0  0  0  0  0  0  0  0  0  0  0


[5,6 :2:]  [5,5 :2:]  [5,4 :3:]  [4,4 :1:]  [4,5 :1:]  [4,6 :1:]  [4,7 :4:]  [5,7 :4:]  [6,7 :4:]  [7,7 :2:]  [7,6 :3:]  [6,6 :3:]  

#41
  0  0  0  0  0  0  0  0  0  0  0  0
  0  0  0  0  0  0  0  0  0  0  0  0
  0  0  0  0  0  0  0  0  0  0  0  0
  0  0  0  0  0  0  0  0  0  0  0  0
  0  0  0  0  4  3  0  0  0  0  0  0
  0  0  0  0  5  2  1  0  0  0  0  0
  0  0  0  0  6  0 12 11  0  0  0  0
  0  0  0  0  7  8  9 10  0  0  0  0
  0  0  0  0  0  0  0  0  0  0  0  0
  0  0  0  0  0  0  0  0  0  0  0  0
  0  0  0  0  0  0  0  0  0  0  0  0
  0  0  0  0  0  0  0  0  0  0  0  0


[5,6 :2:]  [5,5 :3:]  [4,5 :2:]  [4,4 :4:]  [5,4 :4:]  [6,4 :4:]  [7,4 :1:]  [7,5 :1:]  [7,6 :1:]  [7,7 :3:]  [6,7 :2:]  [6,6 :3:]  

#42
  0  0  0  0  0  0  0  0  0  0  0  0
  0  0  0  0  0  0  0  0  0  0  0  0
  0  0  0  0  0  0  0  0  0  0  0  0
  0  0  0  0  0  0  0  0  0  0  0  0
  0  0  0  0  4  3  0  0  0  0  0  0
  0  0  0  0  5  2  1  0  0  0  0  0
  0  0  0  0  6  7 12 11  0  0  0  0
  0  0  0  0  0  8  9 10  0  0  0  0
  0  0  0  0  0  0  0  0  0  0  0  0
  0  0  0  0  0  0  0  0  0  0  0  0
  0  0  0  0  0  0  0  0  0  0  0  0
  0  0  0  0  0  0  0  0  0  0  0  0


[5,6 :2:]  [5,5 :3:]  [4,5 :2:]  [4,4 :4:]  [5,4 :4:]  [6,4 :1:]  [6,5 :4:]  [7,5 :1:]  [7,6 :1:]  [7,7 :3:]  [6,7 :2:]  [6,6 :3:]  

#43
  0  0  0  0  0  0  0  0  0  0  0  0
  0  0  0  0  0  0  0  0  0  0  0  0
  0  0  0  0  0  0  0  0  0  0  0  0
  0  0  0  0  0  0  0  0  0  0  0  0
  0  0  0  0  4  3  2  0  0  0  0  0
  0  0  0  0  5  0  1  0  0  0  0  0
  0  0  0  0  6  7 12 11  0  0  0  0
  0  0  0  0  0  8  9 10  0  0  0  0
  0  0  0  0  0  0  0  0  0  0  0  0
  0  0  0  0  0  0  0  0  0  0  0  0
  0  0  0  0  0  0  0  0  0  0  0  0
  0  0  0  0  0  0  0  0  0  0  0  0


[5,6 :3:]  [4,6 :2:]  [4,5 :2:]  [4,4 :4:]  [5,4 :4:]  [6,4 :1:]  [6,5 :4:]  [7,5 :1:]  [7,6 :1:]  [7,7 :3:]  [6,7 :2:]  [6,6 :3:]  

#44
  0  0  0  0  0  0  0  0  0  0  0  0
  0  0  0  0  0  0  0  0  0  0  0  0
  0  0  0  0  0  0  0  0  0  0  0  0
  0  0  0  0  0  0  0  0  0  0  0  0
  0  0  0  0  4  3  2  0  0  0  0  0
  0  0  0  0  5  6  1  0  0  0  0  0
  0  0  0  0  0  7 12 11  0  0  0  0
  0  0  0  0  0  8  9 10  0  0  0  0
  0  0  0  0  0  0  0  0  0  0  0  0
  0  0  0  0  0  0  0  0  0  0  0  0
  0  0  0  0  0  0  0  0  0  0  0  0
  0  0  0  0  0  0  0  0  0  0  0  0


[5,6 :3:]  [4,6 :2:]  [4,5 :2:]  [4,4 :4:]  [5,4 :1:]  [5,5 :4:]  [6,5 :4:]  [7,5 :1:]  [7,6 :1:]  [7,7 :3:]  [6,7 :2:]  [6,6 :3:]  

#45
  0  0  0  0  0  0  0  0  0  0  0  0
  0  0  0  0  0  0  0  0  0  0  0  0
  0  0  0  0  0  0  0  0  0  0  0  0
  0  0  0  0  0  0  0  0  0  0  0  0
  0  0  0  0  4  5  6  0  0  0  0  0
  0  0  0  0  3  0  7  8  0  0  0  0
  0  0  0  0  2  0  0  9  0  0  0  0
  0  0  0  0  1 12 11 10  0  0  0  0
  0  0  0  0  0  0  0  0  0  0  0  0
  0  0  0  0  0  0  0  0  0  0  0  0
  0  0  0  0  0  0  0  0  0  0  0  0
  0  0  0  0  0  0  0  0  0  0  0  0


[7,4 :3:]  [6,4 :3:]  [5,4 :3:]  [4,4 :1:]  [4,5 :1:]  [4,6 :4:]  [5,6 :1:]  [5,7 :4:]  [6,7 :4:]  [7,7 :2:]  [7,6 :2:]  [7,5 :2:]  

#46
  0  0  0  0  0  0  0  0  0  0  0  0
  0  0  0  0  0  0  0  0  0  0  0  0
  0  0  0  0  0  0  0  0  0  0  0  0
  0  0  0  0  0  0  0  0  0  0  0  0
  0  0  0  0  4  5  6  0  0  0  0  0
  0  0  0  0  3  0  7  8  0  0  0  0
  0  0  0  0  2  0 10  9  0  0  0  0
  0  0  0  0  1 12 11  0  0  0  0  0
  0  0  0  0  0  0  0  0  0  0  0  0
  0  0  0  0  0  0  0  0  0  0  0  0
  0  0  0  0  0  0  0  0  0  0  0  0
  0  0  0  0  0  0  0  0  0  0  0  0


[7,4 :3:]  [6,4 :3:]  [5,4 :3:]  [4,4 :1:]  [4,5 :1:]  [4,6 :4:]  [5,6 :1:]  [5,7 :4:]  [6,7 :2:]  [6,6 :4:]  [7,6 :2:]  [7,5 :2:]  

#47
  0  0  0  0  0  0  0  0  0  0  0  0
  0  0  0  0  0  0  0  0  0  0  0  0
  0  0  0  0  0  0  0  0  0  0  0  0
  0  0  0  0  0  0  0  0  0  0  0  0
  0  0  0  0  4  5  0  0  0  0  0  0
  0  0  0  0  3  6  7  8  0  0  0  0
  0  0  0  0  2  0 10  9  0  0  0  0
  0  0  0  0  1 12 11  0  0  0  0  0
  0  0  0  0  0  0  0  0  0  0  0  0
  0  0  0  0  0  0  0  0  0  0  0  0
  0  0  0  0  0  0  0  0  0  0  0  0
  0  0  0  0  0  0  0  0  0  0  0  0


[7,4 :3:]  [6,4 :3:]  [5,4 :3:]  [4,4 :1:]  [4,5 :4:]  [5,5 :1:]  [5,6 :1:]  [5,7 :4:]  [6,7 :2:]  [6,6 :4:]  [7,6 :2:]  [7,5 :2:]  

#48
  0  0  0  0  0  0  0  0  0  0  0  0
  0  0  0  0  0  0  0  0  0  0  0  0
  0  0  0  0  0  0  0  0  0  0  0  0
  0  0  0  0  0  0  0  0  0  0  0  0
  0  0  0  0  4  5  0  0  0  0  0  0
  0  0  0  0  3  6  7  8  0  0  0  0
  0  0  0  0  2 11 10  9  0  0  0  0
  0  0  0  0  1 12  0  0  0  0  0  0
  0  0  0  0  0  0  0  0  0  0  0  0
  0  0  0  0  0  0  0  0  0  0  0  0
  0  0  0  0  0  0  0  0  0  0  0  0
  0  0  0  0  0  0  0  0  0  0  0  0


[7,4 :3:]  [6,4 :3:]  [5,4 :3:]  [4,4 :1:]  [4,5 :4:]  [5,5 :1:]  [5,6 :1:]  [5,7 :4:]  [6,7 :2:]  [6,6 :2:]  [6,5 :4:]  [7,5 :2:]  

#49
  0  0  0  0  0  0  0  0  0  0  0  0
  0  0  0  0  0  0  0  0  0  0  0  0
  0  0  0  0  0  0  0  0  0  0  0  0
  0  0  0  0  0  0  0  0  0  0  0  0
  0  0  0  0  4  5  6  0  0  0  0  0
  0  0  0  0  3  0  7  8  0  0  0  0
  0  0  0  0  2 11 10  9  0  0  0  0
  0  0  0  0  1 12  0  0  0  0  0  0
  0  0  0  0  0  0  0  0  0  0  0  0
  0  0  0  0  0  0  0  0  0  0  0  0
  0  0  0  0  0  0  0  0  0  0  0  0
  0  0  0  0  0  0  0  0  0  0  0  0


[7,4 :3:]  [6,4 :3:]  [5,4 :3:]  [4,4 :1:]  [4,5 :1:]  [4,6 :4:]  [5,6 :1:]  [5,7 :4:]  [6,7 :2:]  [6,6 :2:]  [6,5 :4:]  [7,5 :2:]  

#50
  0  0  0  0  0  0  0  0  0  0  0  0
  0  0  0  0  0  0  0  0  0  0  0  0
  0  0  0  0  0  0  0  0  0  0  0  0
  0  0  0  0  0  0  0  0  0  0  0  0
  0  0  0  0  0  5  6  0  0  0  0  0
  0  0  0  0  3  4  7  8  0  0  0  0
  0  0  0  0  2 11 10  9  0  0  0  0
  0  0  0  0  1 12  0  0  0  0  0  0
  0  0  0  0  0  0  0  0  0  0  0  0
  0  0  0  0  0  0  0  0  0  0  0  0
  0  0  0  0  0  0  0  0  0  0  0  0
  0  0  0  0  0  0  0  0  0  0  0  0


[7,4 :3:]  [6,4 :3:]  [5,4 :1:]  [5,5 :3:]  [4,5 :1:]  [4,6 :4:]  [5,6 :1:]  [5,7 :4:]  [6,7 :2:]  [6,6 :2:]  [6,5 :4:]  [7,5 :2:]  

#51
  0  0  0  0  0  0  0  0  0  0  0  0
  0  0  0  0  0  0  0  0  0  0  0  0
  0  0  0  0  0  0  0  0  0  0  0  0
  0  0  0  0  0  0  0  0  0  0  0  0
  0  0  0  0  0  5  6  0  0  0  0  0
  0  0  0  0  3  4  7  8  0  0  0  0
  0  0  0  0  2  0 10  9  0  0  0  0
  0  0  0  0  1 12 11  0  0  0  0  0
  0  0  0  0  0  0  0  0  0  0  0  0
  0  0  0  0  0  0  0  0  0  0  0  0
  0  0  0  0  0  0  0  0  0  0  0  0
  0  0  0  0  0  0  0  0  0  0  0  0


[7,4 :3:]  [6,4 :3:]  [5,4 :1:]  [5,5 :3:]  [4,5 :1:]  [4,6 :4:]  [5,6 :1:]  [5,7 :4:]  [6,7 :2:]  [6,6 :4:]  [7,6 :2:]  [7,5 :2:]  

#52
  0  0  0  0  0  0  0  0  0  0  0  0
  0  0  0  0  0  0  0  0  0  0  0  0
  0  0  0  0  0  0  0  0  0  0  0  0
  0  0  0  0  0  0  0  0  0  0  0  0
  0  0  0  0  0  5  6  0  0  0  0  0
  0  0  0  0  3  4  7  8  0  0  0  0
  0  0  0  0  2  1 10  9  0  0  0  0
  0  0  0  0  0 12 11  0  0  0  0  0
  0  0  0  0  0  0  0  0  0  0  0  0
  0  0  0  0  0  0  0  0  0  0  0  0
  0  0  0  0  0  0  0  0  0  0  0  0
  0  0  0  0  0  0  0  0  0  0  0  0


[6,5 :2:]  [6,4 :3:]  [5,4 :1:]  [5,5 :3:]  [4,5 :1:]  [4,6 :4:]  [5,6 :1:]  [5,7 :4:]  [6,7 :2:]  [6,6 :4:]  [7,6 :2:]  [7,5 :3:]  

#53
  0  0  0  0  0  0  0  0  0  0  0  0
  0  0  0  0  0  0  0  0  0  0  0  0
  0  0  0  0  0  0  0  0  0  0  0  0
  0  0  0  0  0  0  0  0  0  0  0  0
  0  0  0  0  4  5  6  0  0  0  0  0
  0  0  0  0  3  0  7  8  0  0  0  0
  0  0  0  0  2  1 10  9  0  0  0  0
  0  0  0  0  0 12 11  0  0  0  0  0
  0  0  0  0  0  0  0  0  0  0  0  0
  0  0  0  0  0  0  0  0  0  0  0  0
  0  0  0  0  0  0  0  0  0  0  0  0
  0  0  0  0  0  0  0  0  0  0  0  0


[6,5 :2:]  [6,4 :3:]  [5,4 :3:]  [4,4 :1:]  [4,5 :1:]  [4,6 :4:]  [5,6 :1:]  [5,7 :4:]  [6,7 :2:]  [6,6 :4:]  [7,6 :2:]  [7,5 :3:]  

#54
  0  0  0  0  0  0  0  0  0  0  0  0
  0  0  0  0  0  0  0  0  0  0  0  0
  0  0  0  0  0  0  0  0  0  0  0  0
  0  0  0  0  0  0  0  0  0  0  0  0
  0  0  0  0  4  5  6  0  0  0  0  0
  0  0  0  0  3  2  7  8  0  0  0  0
  0  0  0  0  0  1 10  9  0  0  0  0
  0  0  0  0  0 12 11  0  0  0  0  0
  0  0  0  0  0  0  0  0  0  0  0  0
  0  0  0  0  0  0  0  0  0  0  0  0
  0  0  0  0  0  0  0  0  0  0  0  0
  0  0  0  0  0  0  0  0  0  0  0  0


[6,5 :3:]  [5,5 :2:]  [5,4 :3:]  [4,4 :1:]  [4,5 :1:]  [4,6 :4:]  [5,6 :1:]  [5,7 :4:]  [6,7 :2:]  [6,6 :4:]  [7,6 :2:]  [7,5 :3:]  

#55
  0  0  0  0  0  0  0  0  0  0  0  0
  0  0  0  0  0  0  0  0  0  0  0  0
  0  0  0  0  0  0  0  0  0  0  0  0
  0  0  0  0  0  0  0  0  0  0  0  0
  0  0  0  0  4  5  6  7  0  0  0  0
  0  0  0  0  3  0  0  8  0  0  0  0
  0  0  0  0  2  1  0  9  0  0  0  0
  0  0  0  0  0 12 11 10  0  0  0  0
  0  0  0  0  0  0  0  0  0  0  0  0
  0  0  0  0  0  0  0  0  0  0  0  0
  0  0  0  0  0  0  0  0  0  0  0  0
  0  0  0  0  0  0  0  0  0  0  0  0


[6,5 :2:]  [6,4 :3:]  [5,4 :3:]  [4,4 :1:]  [4,5 :1:]  [4,6 :1:]  [4,7 :4:]  [5,7 :4:]  [6,7 :4:]  [7,7 :2:]  [7,6 :2:]  [7,5 :3:]  

#56
  0  0  0  0  0  0  0  0  0  0  0  0
  0  0  0  0  0  0  0  0  0  0  0  0
  0  0  0  0  0  0  0  0  0  0  0  0
  0  0  0  0  0  0  0  0  0  0  0  0
  0  0  0  0  0  0  0  0  0  0  0  0
  0  0  0  0  0  0  0  0  0  0  0  0
  0  0  4  3  2  1  0  0  0  0  0  0
  0  0  5  0  0 12  0  0  0  0  0  0
  0  0  6  0  0 11  0  0  0  0  0  0
  0  0  7  8  9 10  0  0  0  0  0  0
  0  0  0  0  0  0  0  0  0  0  0  0
  0  0  0  0  0  0  0  0  0  0  0  0


[6,5 :2:]  [6,4 :2:]  [6,3 :2:]  [6,2 :4:]  [7,2 :4:]  [8,2 :4:]  [9,2 :1:]  [9,3 :1:]  [9,4 :1:]  [9,5 :3:]  [8,5 :3:]  [7,5 :3:]  

#57
  0  0  0  0  0  0  0  0  0  0  0  0
  0  0  0  0  0  0  0  0  0  0  0  0
  0  0  0  0  0  0  0  0  0  0  0  0
  0  0  0  0  0  0  0  0  0  0  0  0
  0  0  0  0  0  0  0  0  0  0  0  0
  0  0  0  0  0  0  0  0  0  0  0  0
  0  0  4  3  2  1  0  0  0  0  0  0
  0  0  5  0  0 12  0  0  0  0  0  0
  0  0  6  0 10 11  0  0  0  0  0  0
  0  0  7  8  9  0  0  0  0  0  0  0
  0  0  0  0  0  0  0  0  0  0  0  0
  0  0  0  0  0  0  0  0  0  0  0  0


[6,5 :2:]  [6,4 :2:]  [6,3 :2:]  [6,2 :4:]  [7,2 :4:]  [8,2 :4:]  [9,2 :1:]  [9,3 :1:]  [9,4 :3:]  [8,4 :1:]  [8,5 :3:]  [7,5 :3:]  

#58
  0  0  0  0  0  0  0  0  0  0  0  0
  0  0  0  0  0  0  0  0  0  0  0  0
  0  0  0  0  0  0  0  0  0  0  0  0
  0  0  0  0  0  0  0  0  0  0  0  0
  0  0  0  0  0  0  0  0  0  0  0  0
  0  0  0  0  0  0  0  0  0  0  0  0
  0  0  4  3  2  1  0  0  0  0  0  0
  0  0  5  0  0 12  0  0  0  0  0  0
  0  0  6  9 10 11  0  0  0  0  0  0
  0  0  7  8  0  0  0  0  0  0  0  0
  0  0  0  0  0  0  0  0  0  0  0  0
  0  0  0  0  0  0  0  0  0  0  0  0


[6,5 :2:]  [6,4 :2:]  [6,3 :2:]  [6,2 :4:]  [7,2 :4:]  [8,2 :4:]  [9,2 :1:]  [9,3 :3:]  [8,3 :1:]  [8,4 :1:]  [8,5 :3:]  [7,5 :3:]  

#59
  0  0  0  0  0  0  0  0  0  0  0  0
  0  0  0  0  0  0  0  0  0  0  0  0
  0  0  0  0  0  0  0  0  0  0  0  0
  0  0  0  0  0  0  0  0  0  0  0  0
  0  0  0  0  0  0  0  0  0  0  0  0
  0  0  0  0  0  0  0  0  0  0  0  0
  0  0  0  3  2  1  0  0  0  0  0  0
  0  0  5  4  0 12  0  0  0  0  0  0
  0  0  6  9 10 11  0  0  0  0  0  0
  0  0  7  8  0  0  0  0  0  0  0  0
  0  0  0  0  0  0  0  0  0  0  0  0
  0  0  0  0  0  0  0  0  0  0  0  0


[6,5 :2:]  [6,4 :2:]  [6,3 :4:]  [7,3 :2:]  [7,2 :4:]  [8,2 :4:]  [9,2 :1:]  [9,3 :3:]  [8,3 :1:]  [8,4 :1:]  [8,5 :3:]  [7,5 :3:]  

#60
  0  0  0  0  0  0  0  0  0  0  0  0
  0  0  0  0  0  0  0  0  0  0  0  0
  0  0  0  0  0  0  0  0  0  0  0  0
  0  0  0  0  0  0  0  0  0  0  0  0
  0  0  0  0  0  0  0  0  0  0  0  0
  0  0  0  0  0  0  0  0  0  0  0  0
  0  0  0  3  2  1  0  0  0  0  0  0
  0  0  5  4  0 12  0  0  0  0  0  0
  0  0  6  0 10 11  0  0  0  0  0  0
  0  0  7  8  9  0  0  0  0  0  0  0
  0  0  0  0  0  0  0  0  0  0  0  0
  0  0  0  0  0  0  0  0  0  0  0  0


[6,5 :2:]  [6,4 :2:]  [6,3 :4:]  [7,3 :2:]  [7,2 :4:]  [8,2 :4:]  [9,2 :1:]  [9,3 :1:]  [9,4 :3:]  [8,4 :1:]  [8,5 :3:]  [7,5 :3:]  

#61
  0  0  0  0  0  0  0  0  0  0  0  0
  0  0  0  0  0  0  0  0  0  0  0  0
  0  0  0  0  0  0  0  0  0  0  0  0
  0  0  0  0  0  0  0  0  0  0  0  0
  0  0  0  0  0  0  0  0  0  0  0  0
  0  0  0  0  0  0  0  0  0  0  0  0
  0  0  0  3  2  1  0  0  0  0  0  0
  0  0  5  4  0 12  0  0  0  0  0  0
  0  0  6  7 10 11  0  0  0  0  0  0
  0  0  0  8  9  0  0  0  0  0  0  0
  0  0  0  0  0  0  0  0  0  0  0  0
  0  0  0  0  0  0  0  0  0  0  0  0


[6,5 :2:]  [6,4 :2:]  [6,3 :4:]  [7,3 :2:]  [7,2 :4:]  [8,2 :1:]  [8,3 :4:]  [9,3 :1:]  [9,4 :3:]  [8,4 :1:]  [8,5 :3:]  [7,5 :3:]  

#62
  0  0  0  0  0  0  0  0  0  0  0  0
  0  0  0  0  0  0  0  0  0  0  0  0
  0  0  0  0  0  0  0  0  0  0  0  0
  0  0  0  0  0  0  0  0  0  0  0  0
  0  0  0  0  0  0  0  0  0  0  0  0
  0  0  0  0  0  0  0  0  0  0  0  0
  0  0  4  3  2  1  0  0  0  0  0  0
  0  0  5  0  0 12  0  0  0  0  0  0
  0  0  6  7 10 11  0  0  0  0  0  0
  0  0  0  8  9  0  0  0  0  0  0  0
  0  0  0  0  0  0  0  0  0  0  0  0
  0  0  0  0  0  0  0  0  0  0  0  0


[6,5 :2:]  [6,4 :2:]  [6,3 :2:]  [6,2 :4:]  [7,2 :4:]  [8,2 :1:]  [8,3 :4:]  [9,3 :1:]  [9,4 :3:]  [8,4 :1:]  [8,5 :3:]  [7,5 :3:]  

#63
  0  0  0  0  0  0  0  0  0  0  0  0
  0  0  0  0  0  0  0  0  0  0  0  0
  0  0  0  0  0  0  0  0  0  0  0  0
  0  0  0  0  0  0  0  0  0  0  0  0
  0  0  0  0  0  0  0  0  0  0  0  0
  0  0  0  0  0  0  0  0  0  0  0  0
  0  0  4  3  2  1  0  0  0  0  0  0
  0  0  5  6  0 12  0  0  0  0  0  0
  0  0  0  7 10 11  0  0  0  0  0  0
  0  0  0  8  9  0  0  0  0  0  0  0
  0  0  0  0  0  0  0  0  0  0  0  0
  0  0  0  0  0  0  0  0  0  0  0  0


[6,5 :2:]  [6,4 :2:]  [6,3 :2:]  [6,2 :4:]  [7,2 :1:]  [7,3 :4:]  [8,3 :4:]  [9,3 :1:]  [9,4 :3:]  [8,4 :1:]  [8,5 :3:]  [7,5 :3:]  

#64
  0  0  0  0  0  0  0  0  0  0  0  0
  0  0  0  0  0  0  0  0  0  0  0  0
  0  0  0  0  0  0  0  0  0  0  0  0
  0  0  0  0  0  0  0  0  0  0  0  0
  0  0  0  0  0  0  0  0  0  0  0  0
  0  0  0  0  0  0  0  0  0  0  0  0
  0  0  4  3  2  0  0  0  0  0  0  0
  0  0  5  6  1 12  0  0  0  0  0  0
  0  0  0  7 10 11  0  0  0  0  0  0
  0  0  0  8  9  0  0  0  0  0  0  0
  0  0  0  0  0  0  0  0  0  0  0  0
  0  0  0  0  0  0  0  0  0  0  0  0


[7,4 :3:]  [6,4 :2:]  [6,3 :2:]  [6,2 :4:]  [7,2 :1:]  [7,3 :4:]  [8,3 :4:]  [9,3 :1:]  [9,4 :3:]  [8,4 :1:]  [8,5 :3:]  [7,5 :2:]  

#65
  0  0  0  0  0  0  0  0  0  0  0  0
  0  0  0  0  0  0  0  0  0  0  0  0
  0  0  0  0  0  0  0  0  0  0  0  0
  0  0  0  0  0  0  0  0  0  0  0  0
  0  0  0  0  0  0  0  0  0  0  0  0
  0  0  0  0  0  0  0  0  0  0  0  0
  0  0  4  3  2  0  0  0  0  0  0  0
  0  0  5  0  1 12  0  0  0  0  0  0
  0  0  6  7 10 11  0  0  0  0  0  0
  0  0  0  8  9  0  0  0  0  0  0  0
  0  0  0  0  0  0  0  0  0  0  0  0
  0  0  0  0  0  0  0  0  0  0  0  0


[7,4 :3:]  [6,4 :2:]  [6,3 :2:]  [6,2 :4:]  [7,2 :4:]  [8,2 :1:]  [8,3 :4:]  [9,3 :1:]  [9,4 :3:]  [8,4 :1:]  [8,5 :3:]  [7,5 :2:]  

#66
  0  0  0  0  0  0  0  0  0  0  0  0
  0  0  0  0  0  0  0  0  0  0  0  0
  0  0  0  0  0  0  0  0  0  0  0  0
  0  0  0  0  0  0  0  0  0  0  0  0
  0  0  0  0  0  0  0  0  0  0  0  0
  0  0  0  0  0  0  0  0  0  0  0  0
  0  0  4  3  0  0  0  0  0  0  0  0
  0  0  5  2  1 12  0  0  0  0  0  0
  0  0  6  7 10 11  0  0  0  0  0  0
  0  0  0  8  9  0  0  0  0  0  0  0
  0  0  0  0  0  0  0  0  0  0  0  0
  0  0  0  0  0  0  0  0  0  0  0  0


[7,4 :2:]  [7,3 :3:]  [6,3 :2:]  [6,2 :4:]  [7,2 :4:]  [8,2 :1:]  [8,3 :4:]  [9,3 :1:]  [9,4 :3:]  [8,4 :1:]  [8,5 :3:]  [7,5 :2:]  

#67
  0  0  0  0  0  0  0  0  0  0  0  0
  0  0  0  0  0  0  0  0  0  0  0  0
  0  0  0  0  0  0  0  0  0  0  0  0
  0  0  0  0  0  0  0  0  0  0  0  0
  0  0  0  0  0  0  0  0  0  0  0  0
  0  0  0  0  0  0  0  0  0  0  0  0
  0  0  4  3  0  0  0  0  0  0  0  0
  0  0  5  2  1 12  0  0  0  0  0  0
  0  0  6  7  0 11  0  0  0  0  0  0
  0  0  0  8  9 10  0  0  0  0  0  0
  0  0  0  0  0  0  0  0  0  0  0  0
  0  0  0  0  0  0  0  0  0  0  0  0


[7,4 :2:]  [7,3 :3:]  [6,3 :2:]  [6,2 :4:]  [7,2 :4:]  [8,2 :1:]  [8,3 :4:]  [9,3 :1:]  [9,4 :1:]  [9,5 :3:]  [8,5 :3:]  [7,5 :2:]  

#68
  0  0  0  0  0  0  0  0  0  0  0  0
  0  0  0  0  0  0  0  0  0  0  0  0
  0  0  0  0  0  0  0  0  0  0  0  0
  0  0  0  0  0  0  0  0  0  0  0  0
  0  0  0  0  0  0  0  0  0  0  0  0
  0  0  0  0  0  0  0  0  0  0  0  0
  0  0  4  3  0  0  0  0  0  0  0  0
  0  0  5  2  1  0  0  0  0  0  0  0
  0  0  6  7 12 11  0  0  0  0  0  0
  0  0  0  8  9 10  0  0  0  0  0  0
  0  0  0  0  0  0  0  0  0  0  0  0
  0  0  0  0  0  0  0  0  0  0  0  0


[7,4 :2:]  [7,3 :3:]  [6,3 :2:]  [6,2 :4:]  [7,2 :4:]  [8,2 :1:]  [8,3 :4:]  [9,3 :1:]  [9,4 :1:]  [9,5 :3:]  [8,5 :2:]  [8,4 :3:]  

#69
  0  0  0  0  0  0  0  0  0  0  0  0
  0  0  0  0  0  0  0  0  0  0  0  0
  0  0  0  0  0  0  0  0  0  0  0  0
  0  0  0  0  0  0  0  0  0  0  0  0
  0  0  0  0  0  0  0  0  0  0  0  0
  0  0  0  0  0  0  0  0  0  0  0  0
  0  0  4  3  2  0  0  0  0  0  0  0
  0  0  5  0  1  0  0  0  0  0  0  0
  0  0  6  7 12 11  0  0  0  0  0  0
  0  0  0  8  9 10  0  0  0  0  0  0
  0  0  0  0  0  0  0  0  0  0  0  0
  0  0  0  0  0  0  0  0  0  0  0  0


[7,4 :3:]  [6,4 :2:]  [6,3 :2:]  [6,2 :4:]  [7,2 :4:]  [8,2 :1:]  [8,3 :4:]  [9,3 :1:]  [9,4 :1:]  [9,5 :3:]  [8,5 :2:]  [8,4 :3:]  

#70
  0  0  0  0  0  0  0  0  0  0  0  0
  0  0  0  0  0  0  0  0  0  0  0  0
  0  0  0  0  0  0  0  0  0  0  0  0
  0  0  0  0  0  0  0  0  0  0  0  0
  0  0  0  0  0  0  0  0  0  0  0  0
  0  0  0  0  0  0  0  0  0  0  0  0
  0  0  0  3  2  0  0  0  0  0  0  0
  0  0  5  4  1  0  0  0  0  0  0  0
  0  0  6  7 12 11  0  0  0  0  0  0
  0  0  0  8  9 10  0  0  0  0  0  0
  0  0  0  0  0  0  0  0  0  0  0  0
  0  0  0  0  0  0  0  0  0  0  0  0


[7,4 :3:]  [6,4 :2:]  [6,3 :4:]  [7,3 :2:]  [7,2 :4:]  [8,2 :1:]  [8,3 :4:]  [9,3 :1:]  [9,4 :1:]  [9,5 :3:]  [8,5 :2:]  [8,4 :3:]  

#71
  0  0  0  0  0  0  0  0  0  0  0  0
  0  0  0  0  0  0  0  0  0  0  0  0
  0  0  0  0  0  0  0  0  0  0  0  0
  0  0  0  0  0  0  0  0  0  0  0  0
  0  0  0  0  0  0  0  0  0  0  0  0
  0  0  0  0  0  0  0  0  0  0  0  0
  0  0  4  3  2  0  0  0  0  0  0  0
  0  0  5  0  1 12  0  0  0  0  0  0
  0  0  6  0  0 11  0  0  0  0  0  0
  0  0  7  8  9 10  0  0  0  0  0  0
  0  0  0  0  0  0  0  0  0  0  0  0
  0  0  0  0  0  0  0  0  0  0  0  0


[7,4 :3:]  [6,4 :2:]  [6,3 :2:]  [6,2 :4:]  [7,2 :4:]  [8,2 :4:]  [9,2 :1:]  [9,3 :1:]  [9,4 :1:]  [9,5 :3:]  [8,5 :3:]  [7,5 :2:]  

#72
  0  0  0  0  0  0  0  0  0  0  0  0
  0  0  0  0  0  0  0  0  0  0  0  0
  0  0  0  0  0  0  0  0  0  0  0  0
  0  0  0  0  0  0  0  0  0  0  0  0
  0  0  0  0  0  0  0  0  0  0  0  0
  0  0  0  0  0  0  0  0  0  0  0  0
  0  0  4  3  2  0  0  0  0  0  0  0
  0  0  5  0  1 12  0  0  0  0  0  0
  0  0  6  0 10 11  0  0  0  0  0  0
  0  0  7  8  9  0  0  0  0  0  0  0
  0  0  0  0  0  0  0  0  0  0  0  0
  0  0  0  0  0  0  0  0  0  0  0  0


[7,4 :3:]  [6,4 :2:]  [6,3 :2:]  [6,2 :4:]  [7,2 :4:]  [8,2 :4:]  [9,2 :1:]  [9,3 :1:]  [9,4 :3:]  [8,4 :1:]  [8,5 :3:]  [7,5 :2:]  

#73
  0  0  0  0  0  0  0  0  0  0  0  0
  0  0  0  0  0  0  0  0  0  0  0  0
  0  0  0  0  0  0  0  0  0  0  0  0
  0  0  0  0  0  0  0  0  0  0  0  0
  0  0  0  0  0  0  0  0  0  0  0  0
  0  0  0  0  0  0  0  0  0  0  0  0
  0  0  0  3  2  0  0  0  0  0  0  0
  0  0  5  4  1 12  0  0  0  0  0  0
  0  0  6  0 10 11  0  0  0  0  0  0
  0  0  7  8  9  0  0  0  0  0  0  0
  0  0  0  0  0  0  0  0  0  0  0  0
  0  0  0  0  0  0  0  0  0  0  0  0


[7,4 :3:]  [6,4 :2:]  [6,3 :4:]  [7,3 :2:]  [7,2 :4:]  [8,2 :4:]  [9,2 :1:]  [9,3 :1:]  [9,4 :3:]  [8,4 :1:]  [8,5 :3:]  [7,5 :2:]  

#74
  0  0  0  0  0  0  0  0  0  0  0  0
  0  0  0  0  0  0  0  0  0  0  0  0
  0  0  0  0  0  0  0  0  0  0  0  0
  0  0  0  0  0  0  0  0  0  0  0  0
  0  0  0  0  0  0  0  0  0  0  0  0
  0  0  0  0  0  0  0  0  0  0  0  0
  0  0  0  3  2  0  0  0  0  0  0  0
  0  0  5  4  1 12  0  0  0  0  0  0
  0  0  6  9 10 11  0  0  0  0  0  0
  0  0  7  8  0  0  0  0  0  0  0  0
  0  0  0  0  0  0  0  0  0  0  0  0
  0  0  0  0  0  0  0  0  0  0  0  0


[7,4 :3:]  [6,4 :2:]  [6,3 :4:]  [7,3 :2:]  [7,2 :4:]  [8,2 :4:]  [9,2 :1:]  [9,3 :3:]  [8,3 :1:]  [8,4 :1:]  [8,5 :3:]  [7,5 :2:]  

#75
  0  0  0  0  0  0  0  0  0  0  0  0
  0  0  0  0  0  0  0  0  0  0  0  0
  0  0  0  0  0  0  0  0  0  0  0  0
  0  0  0  0  0  0  0  0  0  0  0  0
  0  0  0  0  0  0  0  0  0  0  0  0
  0  0  0  0  0  0  0  0  0  0  0  0
  0  0  4  3  2  0  0  0  0  0  0  0
  0  0  5  0  1 12  0  0  0  0  0  0
  0  0  6  9 10 11  0  0  0  0  0  0
  0  0  7  8  0  0  0  0  0  0  0  0
  0  0  0  0  0  0  0  0  0  0  0  0
  0  0  0  0  0  0  0  0  0  0  0  0


[7,4 :3:]  [6,4 :2:]  [6,3 :2:]  [6,2 :4:]  [7,2 :4:]  [8,2 :4:]  [9,2 :1:]  [9,3 :3:]  [8,3 :1:]  [8,4 :1:]  [8,5 :3:]  [7,5 :2:]  

#76
  0  0  0  0  0  0  0  0  0  0  0  0
  0  0  0  0  0  0  0  0  0  0  0  0
  0  0  0  0  0  0  0  0  0  0  0  0
  0  0  0  0  0  0  0  0  0  0  0  0
  0  0  0  0  0  0  0  0  0  0  0  0
  0  0  0  0  0  0  0  0  0  0  0  0
  0  0  4  3  0  0  0  0  0  0  0  0
  0  0  5  2  1 12  0  0  0  0  0  0
  0  0  6  9 10 11  0  0  0  0  0  0
  0  0  7  8  0  0  0  0  0  0  0  0
  0  0  0  0  0  0  0  0  0  0  0  0
  0  0  0  0  0  0  0  0  0  0  0  0


[7,4 :2:]  [7,3 :3:]  [6,3 :2:]  [6,2 :4:]  [7,2 :4:]  [8,2 :4:]  [9,2 :1:]  [9,3 :3:]  [8,3 :1:]  [8,4 :1:]  [8,5 :3:]  [7,5 :2:]  

#77
  0  0  0  0  0  0  0  0  0  0  0  0
  0  0  0  0  0  0  0  0  0  0  0  0
  0  0  0  0  0  0  0  0  0  0  0  0
  0  0  0  0  0  0  0  0  0  0  0  0
  0  0  0  0  0  0  0  0  0  0  0  0
  0  0  0  0  0  0  0  0  0  0  0  0
  0  0  4  3  0  0  0  0  0  0  0  0
  0  0  5  2  1 12  0  0  0  0  0  0
  0  0  6  0 10 11  0  0  0  0  0  0
  0  0  7  8  9  0  0  0  0  0  0  0
  0  0  0  0  0  0  0  0  0  0  0  0
  0  0  0  0  0  0  0  0  0  0  0  0


[7,4 :2:]  [7,3 :3:]  [6,3 :2:]  [6,2 :4:]  [7,2 :4:]  [8,2 :4:]  [9,2 :1:]  [9,3 :1:]  [9,4 :3:]  [8,4 :1:]  [8,5 :3:]  [7,5 :2:]  

#78
  0  0  0  0  0  0  0  0  0  0  0  0
  0  0  0  0  0  0  0  0  0  0  0  0
  0  0  0  0  0  0  0  0  0  0  0  0
  0  0  0  0  0  0  0  0  0  0  0  0
  0  0  0  0  0  0  0  0  0  0  0  0
  0  0  0  0  0  0  0  0  0  0  0  0
  0  0  4  3  0  0  0  0  0  0  0  0
  0  0  5  2  1 12  0  0  0  0  0  0
  0  0  6  0  0 11  0  0  0  0  0  0
  0  0  7  8  9 10  0  0  0  0  0  0
  0  0  0  0  0  0  0  0  0  0  0  0
  0  0  0  0  0  0  0  0  0  0  0  0


[7,4 :2:]  [7,3 :3:]  [6,3 :2:]  [6,2 :4:]  [7,2 :4:]  [8,2 :4:]  [9,2 :1:]  [9,3 :1:]  [9,4 :1:]  [9,5 :3:]  [8,5 :3:]  [7,5 :2:]  

#79
  0  0  0  0  0  0  0  0  0  0  0  0
  0  0  0  0  0  0  0  0  0  0  0  0
  0  0  0  0  0  0  0  0  0  0  0  0
  0  0  0  0  0  0  0  0  0  0  0  0
  0  0  0  0  0  0  0  0  0  0  0  0
  0  0  0  0  0  0  0  0  0  0  0  0
  0  0  4  3  2  0  0  0  0  0  0  0
  0  0  5  0  1  0  0  0  0  0  0  0
  0  0  6  0 12 11  0  0  0  0  0  0
  0  0  7  8  9 10  0  0  0  0  0  0
  0  0  0  0  0  0  0  0  0  0  0  0
  0  0  0  0  0  0  0  0  0  0  0  0


[7,4 :3:]  [6,4 :2:]  [6,3 :2:]  [6,2 :4:]  [7,2 :4:]  [8,2 :4:]  [9,2 :1:]  [9,3 :1:]  [9,4 :1:]  [9,5 :3:]  [8,5 :2:]  [8,4 :3:]  

#80
  0  0  0  0  0  0  0  0  0  0  0  0
  0  0  0  0  0  0  0  0  0  0  0  0
  0  0  0  0  0  0  0  0  0  0  0  0
  0  0  0  0  0  0  0  0  0  0  0  0
  0  0  0  0  0  0  0  0  0  0  0  0
  0  0  0  0  0  0  0  0  0  0  0  0
  0  0  4  3  0  0  0  0  0  0  0  0
  0  0  5  2  1  0  0  0  0  0  0  0
  0  0  6  0 12 11  0  0  0  0  0  0
  0  0  7  8  9 10  0  0  0  0  0  0
  0  0  0  0  0  0  0  0  0  0  0  0
  0  0  0  0  0  0  0  0  0  0  0  0


[7,4 :2:]  [7,3 :3:]  [6,3 :2:]  [6,2 :4:]  [7,2 :4:]  [8,2 :4:]  [9,2 :1:]  [9,3 :1:]  [9,4 :1:]  [9,5 :3:]  [8,5 :2:]  [8,4 :3:]  

#81
  0  0  0  0  0  0  0  0  0  0  0  0
  0  0  0  0  0  0  0  0  0  0  0  0
  0  0  0  0  0  0  0  0  0  0  0  0
  0  0  0  0  0  0  0  0  0  0  0  0
  0  0  0  0  0  0  0  0  0  0  0  0
  0  0  0  0  0  0  0  0  0  0  0  0
  0  0  4  3  0  0  0  0  0  0  0  0
  0  0  5  2  0  0  0  0  0  0  0  0
  0  0  6  1 12 11  0  0  0  0  0  0
  0  0  7  8  9 10  0  0  0  0  0  0
  0  0  0  0  0  0  0  0  0  0  0  0
  0  0  0  0  0  0  0  0  0  0  0  0


[8,3 :3:]  [7,3 :3:]  [6,3 :2:]  [6,2 :4:]  [7,2 :4:]  [8,2 :4:]  [9,2 :1:]  [9,3 :1:]  [9,4 :1:]  [9,5 :3:]  [8,5 :2:]  [8,4 :2:]  

#82
  0  0  0  0  0  0  0  0  0  0  0  0
  0  0  0  0  0  0  0  0  0  0  0  0
  0  0  0  0  0  0  0  0  0  0  0  0
  0  0  0  0  0  0  0  0  0  0  0  0
  0  0  0  0  0  0  0  0  0  0  0  0
  0  0  0  0  0  0  0  0  0  0  0  0
  0  0  4  5  6  7  0  0  0  0  0  0
  0  0  3  2  0  8  0  0  0  0  0  0
  0  0  0  1 12  9  0  0  0  0  0  0
  0  0  0  0 11 10  0  0  0  0  0  0
  0  0  0  0  0  0  0  0  0  0  0  0
  0  0  0  0  0  0  0  0  0  0  0  0


[8,3 :3:]  [7,3 :2:]  [7,2 :3:]  [6,2 :1:]  [6,3 :1:]  [6,4 :1:]  [6,5 :4:]  [7,5 :4:]  [8,5 :4:]  [9,5 :2:]  [9,4 :3:]  [8,4 :2:]  

#83
  0  0  0  0  0  0  0  0  0  0  0  0
  0  0  0  0  0  0  0  0  0  0  0  0
  0  0  0  0  0  0  0  0  0  0  0  0
  0  0  0  0  0  0  0  0  0  0  0  0
  0  0  0  0  0  0  0  0  0  0  0  0
  0  0  0  0  0  0  0  0  0  0  0  0
  0  0  0  0  0  0  0  0  0  0  0  0
  0  4  3  0  0  0  0  0  0  0  0  0
  0  5  2  1 12  0  0  0  0  0  0  0
  0  6  0  0 11  0  0  0  0  0  0  0
  0  7  8  9 10  0  0  0  0  0  0  0
  0  0  0  0  0  0  0  0  0  0  0  0


[8,3 :2:]  [8,2 :3:]  [7,2 :2:]  [7,1 :4:]  [8,1 :4:]  [9,1 :4:]  [10,1 :1:]  [10,2 :1:]  [10,3 :1:]  [10,4 :3:]  [9,4 :3:]  [8,4 :2:]  

#84
  0  0  0  0  0  0  0  0  0  0  0  0
  0  0  0  0  0  0  0  0  0  0  0  0
  0  0  0  0  0  0  0  0  0  0  0  0
  0  0  0  0  0  0  0  0  0  0  0  0
  0  0  0  0  0  0  0  0  0  0  0  0
  0  0  0  0  0  0  0  0  0  0  0  0
  0  0  4  5  6  7  0  0  0  0  0  0
  0  0  3  0  0  8  0  0  0  0  0  0
  0  0  2  1 12  9  0  0  0  0  0  0
  0  0  0  0 11 10  0  0  0  0  0  0
  0  0  0  0  0  0  0  0  0  0  0  0
  0  0  0  0  0  0  0  0  0  0  0  0


[8,3 :2:]  [8,2 :3:]  [7,2 :3:]  [6,2 :1:]  [6,3 :1:]  [6,4 :1:]  [6,5 :4:]  [7,5 :4:]  [8,5 :4:]  [9,5 :2:]  [9,4 :3:]  [8,4 :2:]  

#85
  0  0  0  0  0  0  0  0  0  0  0  0
  0  0  0  0  0  0  0  0  0  0  0  0
  0  0  0  0  0  0  0  0  0  0  0  0
  0  0  0  0  0  0  0  0  0  0  0  0
  0  0  0  0  0  0  0  0  0  0  0  0
  0  0  0  0  0  0  0  0  0  0  0  0
  0  0  0  5  6  7  0  0  0  0  0  0
  0  0  3  4  0  8  0  0  0  0  0  0
  0  0  2  1 12  9  0  0  0  0  0  0
  0  0  0  0 11 10  0  0  0  0  0  0
  0  0  0  0  0  0  0  0  0  0  0  0
  0  0  0  0  0  0  0  0  0  0  0  0


[8,3 :2:]  [8,2 :3:]  [7,2 :1:]  [7,3 :3:]  [6,3 :1:]  [6,4 :1:]  [6,5 :4:]  [7,5 :4:]  [8,5 :4:]  [9,5 :2:]  [9,4 :3:]  [8,4 :2:]  

#86
  0  0  0  0  0  0  0  0  0  0  0  0
  0  0  0  0  0  0  0  0  0  0  0  0
  0  0  0  0  0  0  0  0  0  0  0  0
  0  0  0  0  0  0  0  0  0  0  0  0
  0  0  0  0  0  0  0  0  0  0  0  0
  0  0  0  0  0  0  0  0  0  0  0  0
  0  0  0  5  6  7  0  0  0  0  0  0
  0  0  3  4  0  8  0  0  0  0  0  0
  0  0  2  1  0  9  0  0  0  0  0  0
  0  0  0 12 11 10  0  0  0  0  0  0
  0  0  0  0  0  0  0  0  0  0  0  0
  0  0  0  0  0  0  0  0  0  0  0  0


[8,3 :2:]  [8,2 :3:]  [7,2 :1:]  [7,3 :3:]  [6,3 :1:]  [6,4 :1:]  [6,5 :4:]  [7,5 :4:]  [8,5 :4:]  [9,5 :2:]  [9,4 :2:]  [9,3 :3:]  

#87
  0  0  0  0  0  0  0  0  0  0  0  0
  0  0  0  0  0  0  0  0  0  0  0  0
  0  0  0  0  0  0  0  0  0  0  0  0
  0  0  0  0  0  0  0  0  0  0  0  0
  0  0  0  0  0  0  0  0  0  0  0  0
  0  0  0  0  0  0  0  0  0  0  0  0
  0  0  0  5  6  7  0  0  0  0  0  0
  0  0  3  4  0  8  0  0  0  0  0  0
  0  0  2  1 10  9  0  0  0  0  0  0
  0  0  0 12 11  0  0  0  0  0  0  0
  0  0  0  0  0  0  0  0  0  0  0  0
  0  0  0  0  0  0  0  0  0  0  0  0


[8,3 :2:]  [8,2 :3:]  [7,2 :1:]  [7,3 :3:]  [6,3 :1:]  [6,4 :1:]  [6,5 :4:]  [7,5 :4:]  [8,5 :2:]  [8,4 :4:]  [9,4 :2:]  [9,3 :3:]  

#88
  0  0  0  0  0  0  0  0  0  0  0  0
  0  0  0  0  0  0  0  0  0  0  0  0
  0  0  0  0  0  0  0  0  0  0  0  0
  0  0  0  0  0  0  0  0  0  0  0  0
  0  0  0  0  0  0  0  0  0  0  0  0
  0  0  0  0  0  0  0  0  0  0  0  0
  0  0  0  5  6  7  0  0  0  0  0  0
  0  0  3  4  0  8  0  0  0  0  0  0
  0  0  2  0 10  9  0  0  0  0  0  0
  0  0  1 12 11  0  0  0  0  0  0  0
  0  0  0  0  0  0  0  0  0  0  0  0
  0  0  0  0  0  0  0  0  0  0  0  0


[9,2 :3:]  [8,2 :3:]  [7,2 :1:]  [7,3 :3:]  [6,3 :1:]  [6,4 :1:]  [6,5 :4:]  [7,5 :4:]  [8,5 :2:]  [8,4 :4:]  [9,4 :2:]  [9,3 :2:]  

#89
  0  0  0  0  0  0  0  0  0  0  0  0
  0  0  0  0  0  0  0  0  0  0  0  0
  0  0  0  0  0  0  0  0  0  0  0  0
  0  0  0  0  0  0  0  0  0  0  0  0
  0  0  0  0  0  0  0  0  0  0  0  0
  0  0  0  0  0  0  0  0  0  0  0  0
  0  0  0  0  6  7  0  0  0  0  0  0
  0  0  0  4  5  8  0  0  0  0  0  0
  0  0  2  3 10  9  0  0  0  0  0  0
  0  0  1 12 11  0  0  0  0  0  0  0
  0  0  0  0  0  0  0  0  0  0  0  0
  0  0  0  0  0  0  0  0  0  0  0  0


[9,2 :3:]  [8,2 :1:]  [8,3 :3:]  [7,3 :1:]  [7,4 :3:]  [6,4 :1:]  [6,5 :4:]  [7,5 :4:]  [8,5 :2:]  [8,4 :4:]  [9,4 :2:]  [9,3 :2:]  

#90
  0  0  0  0  0  0  0  0  0  0  0  0
  0  0  0  0  0  0  0  0  0  0  0  0
  0  0  0  0  0  0  0  0  0  0  0  0
  0  0  0  0  0  0  0  0  0  0  0  0
  0  0  0  0  0  0  0  0  0  0  0  0
  0  0  0  0  0  0  0  0  0  0  0  0
  0  0  0  0  6  7  0  0  0  0  0  0
  0  0  0  4  5  8  0  0  0  0  0  0
  0  0  2  3  0  9  0  0  0  0  0  0
  0  0  1 12 11 10  0  0  0  0  0  0
  0  0  0  0  0  0  0  0  0  0  0  0
  0  0  0  0  0  0  0  0  0  0  0  0


[9,2 :3:]  [8,2 :1:]  [8,3 :3:]  [7,3 :1:]  [7,4 :3:]  [6,4 :1:]  [6,5 :4:]  [7,5 :4:]  [8,5 :4:]  [9,5 :2:]  [9,4 :2:]  [9,3 :2:]  

#91
  0  0  0  0  0  0  0  0  0  0  0  0
  0  0  0  0  0  0  0  0  0  0  0  0
  0  0  0  0  0  0  0  0  0  0  0  0
  0  0  0  0  0  0  0  0  0  0  0  0
  0  0  0  0  0  0  0  0  0  0  0  0
  0  0  0  0  0  0  0  0  0  0  0  0
  0  0  0  5  6  7  0  0  0  0  0  0
  0  0  3  4  0  8  0  0  0  0  0  0
  0  0  2  0  0  9  0  0  0  0  0  0
  0  0  1 12 11 10  0  0  0  0  0  0
  0  0  0  0  0  0  0  0  0  0  0  0
  0  0  0  0  0  0  0  0  0  0  0  0


[9,2 :3:]  [8,2 :3:]  [7,2 :1:]  [7,3 :3:]  [6,3 :1:]  [6,4 :1:]  [6,5 :4:]  [7,5 :4:]  [8,5 :4:]  [9,5 :2:]  [9,4 :2:]  [9,3 :2:]  

#92
  0  0  0  0  0  0  0  0  0  0  0  0
  0  0  0  0  0  0  0  0  0  0  0  0
  0  0  0  0  0  0  0  0  0  0  0  0
  0  0  0  0  0  0  0  0  0  0  0  0
  0  0  0  0  0  0  0  0  0  0  0  0
  0  0  0  0  0  0  0  0  0  0  0  0
  0  0  0  0  0  0  0  0  0  0  0  0
  0  0  0  0  0  0  0  0  0  0  0  0
  0  3  2  0  0  0  0  0  0  0  0  0
  5  4  1 12  0  0  0  0  0  0  0  0
  6  0  0 11  0  0  0  0  0  0  0  0
  7  8  9 10  0  0  0  0  0  0  0  0


[9,2 :3:]  [8,2 :2:]  [8,1 :4:]  [9,1 :2:]  [9,0 :4:]  [10,0 :4:]  [11,0 :1:]  [11,1 :1:]  [11,2 :1:]  [11,3 :3:]  [10,3 :3:]  [9,3 :2:]  

#93
  0  0  0  0  0  0  0  0  0  0  0  0
  0  0  0  0  0  0  0  0  0  0  0  0
  0  0  0  0  0  0  0  0  0  0  0  0
  0  0  0  0  0  0  0  0  0  0  0  0
  0  0  0  0  0  0  0  0  0  0  0  0
  0  0  0  0  0  0  0  0  0  0  0  0
  0  0  0  0  0  0  0  0  0  0  0  0
  0  0  0  0  0  0  0  0  0  0  0  0
  0  3  2  0  0  0  0  0  0  0  0  0
  0  4  1 12  0  0  0  0  0  0  0  0
  6  5  0 11  0  0  0  0  0  0  0  0
  7  8  9 10  0  0  0  0  0  0  0  0


[9,2 :3:]  [8,2 :2:]  [8,1 :4:]  [9,1 :4:]  [10,1 :2:]  [10,0 :4:]  [11,0 :1:]  [11,1 :1:]  [11,2 :1:]  [11,3 :3:]  [10,3 :3:]  [9,3 :2:]  

#94
  0  0  0  0  0  0  0  0  0  0  0  0
  0  0  0  0  0  0  0  0  0  0  0  0
  0  0  0  0  0  0  0  0  0  0  0  0
  0  0  0  0  0  0  0  0  0  0  0  0
  0  0  0  0  0  0  0  0  0  0  0  0
  0  0  0  0  0  0  0  0  0  0  0  0
  0  0  0  0  0  0  0  0  0  0  0  0
  0  0  0  0  0  0  0  0  0  0  0  0
  0  3  2  0  0  0  0  0  0  0  0  0
  0  4  1 12  0  0  0  0  0  0  0  0
  6  5 10 11  0  0  0  0  0  0  0  0
  7  8  9  0  0  0  0  0  0  0  0  0


[9,2 :3:]  [8,2 :2:]  [8,1 :4:]  [9,1 :4:]  [10,1 :2:]  [10,0 :4:]  [11,0 :1:]  [11,1 :1:]  [11,2 :3:]  [10,2 :1:]  [10,3 :3:]  [9,3 :2:]  

#95
  0  0  0  0  0  0  0  0  0  0  0  0
  0  0  0  0  0  0  0  0  0  0  0  0
  0  0  0  0  0  0  0  0  0  0  0  0
  0  0  0  0  0  0  0  0  0  0  0  0
  0  0  0  0  0  0  0  0  0  0  0  0
  0  0  0  0  0  0  0  0  0  0  0  0
  0  0  0  0  0  0  0  0  0  0  0  0
  0  0  0  0  0  0  0  0  0  0  0  0
  0  3  2  0  0  0  0  0  0  0  0  0
  5  4  1 12  0  0  0  0  0  0  0  0
  6  0 10 11  0  0  0  0  0  0  0  0
  7  8  9  0  0  0  0  0  0  0  0  0


[9,2 :3:]  [8,2 :2:]  [8,1 :4:]  [9,1 :2:]  [9,0 :4:]  [10,0 :4:]  [11,0 :1:]  [11,1 :1:]  [11,2 :3:]  [10,2 :1:]  [10,3 :3:]  [9,3 :2:]  

#96
  0  0  0  0  0  0  0  0  0  0  0  0
  0  0  0  0  0  0  0  0  0  0  0  0
  0  0  0  0  0  0  0  0  0  0  0  0
  0  0  0  0  0  0  0  0  0  0  0  0
  0  0  0  0  0  0  0  0  0  0  0  0
  0  0  0  0  0  0  0  0  0  0  0  0
  0  0  0  0  0  0  0  0  0  0  0  0
  0  0  0  0  0  0  0  0  0  0  0  0
  0  3  2  0  0  0  0  0  0  0  0  0
  5  4  1 12  0  0  0  0  0  0  0  0
  6  9 10 11  0  0  0  0  0  0  0  0
  7  8  0  0  0  0  0  0  0  0  0  0


[9,2 :3:]  [8,2 :2:]  [8,1 :4:]  [9,1 :2:]  [9,0 :4:]  [10,0 :4:]  [11,0 :1:]  [11,1 :3:]  [10,1 :1:]  [10,2 :1:]  [10,3 :3:]  [9,3 :2:]  

#97
  0  0  0  0  0  0  0  0  0  0  0  0
  0  0  0  0  0  0  0  0  0  0  0  0
  0  0  0  0  0  0  0  0  0  0  0  0
  0  0  0  0  0  0  0  0  0  0  0  0
  0  0  0  0  0  0  0  0  0  0  0  0
  0  0  0  0  0  0  0  0  0  0  0  0
  0  0  0  0  0  0  0  0  0  0  0  0
  0  0  0  0  0  0  0  0  0  0  0  0
  0  3  2  1  0  0  0  0  0  0  0  0
  5  4  0 12  0  0  0  0  0  0  0  0
  6  9 10 11  0  0  0  0  0  0  0  0
  7  8  0  0  0  0  0  0  0  0  0  0


[8,3 :2:]  [8,2 :2:]  [8,1 :4:]  [9,1 :2:]  [9,0 :4:]  [10,0 :4:]  [11,0 :1:]  [11,1 :3:]  [10,1 :1:]  [10,2 :1:]  [10,3 :3:]  [9,3 :3:]  

#98
  0  0  0  0  0  0  0  0  0  0  0  0
  0  0  0  0  0  0  0  0  0  0  0  0
  0  0  0  0  0  0  0  0  0  0  0  0
  0  0  0  0  0  0  0  0  0  0  0  0
  0  0  0  0  0  0  0  0  0  0  0  0
  0  0  0  0  0  0  0  0  0  0  0  0
  0  0  0  0  0  0  0  0  0  0  0  0
  0  0  0  0  0  0  0  0  0  0  0  0
  4  3  2  1  0  0  0  0  0  0  0  0
  5  0  0 12  0  0  0  0  0  0  0  0
  6  9 10 11  0  0  0  0  0  0  0  0
  7  8  0  0  0  0  0  0  0  0  0  0


[8,3 :2:]  [8,2 :2:]  [8,1 :2:]  [8,0 :4:]  [9,0 :4:]  [10,0 :4:]  [11,0 :1:]  [11,1 :3:]  [10,1 :1:]  [10,2 :1:]  [10,3 :3:]  [9,3 :3:]  

#99
  0  0  0  0  0  0  0  0  0  0  0  0
  0  0  0  0  0  0  0  0  0  0  0  0
  0  0  0  0  0  0  0  0  0  0  0  0
  0  0  0  0  0  0  0  0  0  0  0  0
  0  0  0  0  0  0  0  0  0  0  0  0
  0  0  0  0  0  0  0  0  0  0  0  0
  0  0  0  0  0  0  0  0  0  0  0  0
  0  0  0  0  0  0  0  0  0  0  0  0
  4  3  2  1  0  0  0  0  0  0  0  0
  5  0  0 12  0  0  0  0  0  0  0  0
  6  0 10 11  0  0  0  0  0  0  0  0
  7  8  9  0  0  0  0  0  0  0  0  0


[8,3 :2:]  [8,2 :2:]  [8,1 :2:]  [8,0 :4:]  [9,0 :4:]  [10,0 :4:]  [11,0 :1:]  [11,1 :1:]  [11,2 :3:]  [10,2 :1:]  [10,3 :3:]  [9,3 :3:]  

#100
  0  0  0  0  0  0  0  0  0  0  0  0
  0  0  0  0  0  0  0  0  0  0  0  0
  0  0  0  0  0  0  0  0  0  0  0  0
  0  0  0  0  0  0  0  0  0  0  0  0
  0  0  0  0  0  0  0  0  0  0  0  0
  0  0  0  0  0  0  0  0  0  0  0  0
  0  0  0  0  0  0  0  0  0  0  0  0
  0  0  0  0  0  0  0  0  0  0  0  0
  4  3  2  1  0  0  0  0  0  0  0  0
  5  0  0 12  0  0  0  0  0  0  0  0
  6  7 10 11  0  0  0  0  0  0  0  0
  0  8  9  0  0  0  0  0  0  0  0  0


[8,3 :2:]  [8,2 :2:]  [8,1 :2:]  [8,0 :4:]  [9,0 :4:]  [10,0 :1:]  [10,1 :4:]  [11,1 :1:]  [11,2 :3:]  [10,2 :1:]  [10,3 :3:]  [9,3 :3:]  

#101
  0  0  0  0  0  0  0  0  0  0  0  0
  0  0  0  0  0  0  0  0  0  0  0  0
  0  0  0  0  0  0  0  0  0  0  0  0
  0  0  0  0  0  0  0  0  0  0  0  0
  0  0  0  0  0  0  0  0  0  0  0  0
  0  0  0  0  0  0  0  0  0  0  0  0
  0  0  0  0  0  0  0  0  0  0  0  0
  0  0  0  0  0  0  0  0  0  0  0  0
  4  3  2  1  0  0  0  0  0  0  0  0
  5  0 11 12  0  0  0  0  0  0  0  0
  6  7 10  0  0  0  0  0  0  0  0  0
  0  8  9  0  0  0  0  0  0  0  0  0


[8,3 :2:]  [8,2 :2:]  [8,1 :2:]  [8,0 :4:]  [9,0 :4:]  [10,0 :1:]  [10,1 :4:]  [11,1 :1:]  [11,2 :3:]  [10,2 :3:]  [9,2 :1:]  [9,3 :3:]  

#102
  0  0  0  0  0  0  0  0  0  0  0  0
  0  0  0  0  0  0  0  0  0  0  0  0
  0  0  0  0  0  0  0  0  0  0  0  0
  0  0  0  0  0  0  0  0  0  0  0  0
  0  0  0  0  0  0  0  0  0  0  0  0
  0  0  0  0  0  0  0  0  0  0  0  0
  0  0  0  0  0  0  0  0  0  0  0  0
  0  0  0  0  0  0  0  0  0  0  0  0
  4  3  2  1  0  0  0  0  0  0  0  0
  5  6 11 12  0  0  0  0  0  0  0  0
  0  7 10  0  0  0  0  0  0  0  0  0
  0  8  9  0  0  0  0  0  0  0  0  0


[8,3 :2:]  [8,2 :2:]  [8,1 :2:]  [8,0 :4:]  [9,0 :1:]  [9,1 :4:]  [10,1 :4:]  [11,1 :1:]  [11,2 :3:]  [10,2 :3:]  [9,2 :1:]  [9,3 :3:]  

#103
  0  0  0  0  0  0  0  0  0  0  0  0
  0  0  0  0  0  0  0  0  0  0  0  0
  0  0  0  0  0  0  0  0  0  0  0  0
  0  0  0  0  0  0  0  0  0  0  0  0
  0  0  0  0  0  0  0  0  0  0  0  0
  0  0  0  0  0  0  0  0  0  0  0  0
  0  0  0  0  0  0  0  0  0  0  0  0
  0  0  0  0  0  0  0  0  0  0  0  0
  4  3  2  1  0  0  0  0  0  0  0  0
  5  6  0 12  0  0  0  0  0  0  0  0
  0  7 10 11  0  0  0  0  0  0  0  0
  0  8  9  0  0  0  0  0  0  0  0  0


[8,3 :2:]  [8,2 :2:]  [8,1 :2:]  [8,0 :4:]  [9,0 :1:]  [9,1 :4:]  [10,1 :4:]  [11,1 :1:]  [11,2 :3:]  [10,2 :1:]  [10,3 :3:]  [9,3 :3:]  

#104
  0  0  0  0  0  0  0  0  0  0  0  0
  0  0  0  0  0  0  0  0  0  0  0  0
  0  0  0  0  0  0  0  0  0  0  0  0
  0  0  0  0  0  0  0  0  0  0  0  0
  0  0  0  0  0  0  0  0  0  0  0  0
  0  0  0  0  0  0  0  0  0  0  0  0
  0  0  0  0  0  0  0  0  0  0  0  0
  0  0  0  0  0  0  0  0  0  0  0  0
  4  3  2  1  0  0  0  0  0  0  0  0
  5  6  0 12  0  0  0  0  0  0  0  0
  0  7  0 11  0  0  0  0  0  0  0  0
  0  8  9 10  0  0  0  0  0  0  0  0


[8,3 :2:]  [8,2 :2:]  [8,1 :2:]  [8,0 :4:]  [9,0 :1:]  [9,1 :4:]  [10,1 :4:]  [11,1 :1:]  [11,2 :1:]  [11,3 :3:]  [10,3 :3:]  [9,3 :3:]  

#105
  0  0  0  0  0  0  0  0  0  0  0  0
  0  0  0  0  0  0  0  0  0  0  0  0
  0  0  0  0  0  0  0  0  0  0  0  0
  0  0  0  0  0  0  0  0  0  0  0  0
  0  0  0  0  0  0  0  0  0  0  0  0
  0  0  0  0  0  0  0  0  0  0  0  0
  0  0  0  0  0  0  0  0  0  0  0  0
  0  0  0  0  0  0  0  0  0  0  0  0
  4  3  2  1  0  0  0  0  0  0  0  0
  5  0  0 12  0  0  0  0  0  0  0  0
  6  7  0 11  0  0  0  0  0  0  0  0
  0  8  9 10  0  0  0  0  0  0  0  0


[8,3 :2:]  [8,2 :2:]  [8,1 :2:]  [8,0 :4:]  [9,0 :4:]  [10,0 :1:]  [10,1 :4:]  [11,1 :1:]  [11,2 :1:]  [11,3 :3:]  [10,3 :3:]  [9,3 :3:]  

#106
  0  0  0  0  0  0  0  0  0  0  0  0
  0  0  0  0  0  0  0  0  0  0  0  0
  0  0  0  0  0  0  0  0  0  0  0  0
  0  0  0  0  0  0  0  0  0  0  0  0
  0  0  0  0  0  0  0  0  0  0  0  0
  0  0  0  0  0  0  0  0  0  0  0  0
  0  0  0  0  0  0  0  0  0  0  0  0
  0  0  0  0  0  0  0  0  0  0  0  0
  4  3  2  0  0  0  0  0  0  0  0  0
  5  0  1 12  0  0  0  0  0  0  0  0
  6  7  0 11  0  0  0  0  0  0  0  0
  0  8  9 10  0  0  0  0  0  0  0  0


[9,2 :3:]  [8,2 :2:]  [8,1 :2:]  [8,0 :4:]  [9,0 :4:]  [10,0 :1:]  [10,1 :4:]  [11,1 :1:]  [11,2 :1:]  [11,3 :3:]  [10,3 :3:]  [9,3 :2:]  

#107
  0  0  0  0  0  0  0  0  0  0  0  0
  0  0  0  0  0  0  0  0  0  0  0  0
  0  0  0  0  0  0  0  0  0  0  0  0
  0  0  0  0  0  0  0  0  0  0  0  0
  0  0  0  0  0  0  0  0  0  0  0  0
  0  0  0  0  0  0  0  0  0  0  0  0
  0  0  0  0  0  0  0  0  0  0  0  0
  0  0  0  0  0  0  0  0  0  0  0  0
  4  3  2  0  0  0  0  0  0  0  0  0
  5  0  1  0  0  0  0  0  0  0  0  0
  6  7 12 11  0  0  0  0  0  0  0  0
  0  8  9 10  0  0  0  0  0  0  0  0


[9,2 :3:]  [8,2 :2:]  [8,1 :2:]  [8,0 :4:]  [9,0 :4:]  [10,0 :1:]  [10,1 :4:]  [11,1 :1:]  [11,2 :1:]  [11,3 :3:]  [10,3 :2:]  [10,2 :3:]  

#108
  0  0  0  0  0  0  0  0  0  0  0  0
  0  0  0  0  0  0  0  0  0  0  0  0
  0  0  0  0  0  0  0  0  0  0  0  0
  0  0  0  0  0  0  0  0  0  0  0  0
  0  0  0  0  0  0  0  0  0  0  0  0
  0  0  0  0  0  0  0  0  0  0  0  0
  0  0  0  0  0  0  0  0  0  0  0  0
  0  0  0  0  0  0  0  0  0  0  0  0
  0  3  2  0  0  0  0  0  0  0  0  0
  5  4  1  0  0  0  0  0  0  0  0  0
  6  7 12 11  0  0  0  0  0  0  0  0
  0  8  9 10  0  0  0  0  0  0  0  0


[9,2 :3:]  [8,2 :2:]  [8,1 :4:]  [9,1 :2:]  [9,0 :4:]  [10,0 :1:]  [10,1 :4:]  [11,1 :1:]  [11,2 :1:]  [11,3 :3:]  [10,3 :2:]  [10,2 :3:]  

#109
  0  0  0  0  0  0  0  0  0  0  0  0
  0  0  0  0  0  0  0  0  0  0  0  0
  0  0  0  0  0  0  0  0  0  0  0  0
  0  0  0  0  0  0  0  0  0  0  0  0
  0  0  0  0  0  0  0  0  0  0  0  0
  0  0  0  0  0  0  0  0  0  0  0  0
  0  0  0  0  0  0  0  0  0  0  0  0
  0  0  0  0  0  0  0  0  0  0  0  0
  0  3  2  0  0  0  0  0  0  0  0  0
  5  4  1  0  0  0  0  0  0  0  0  0
  6  0 12 11  0  0  0  0  0  0  0  0
  7  8  9 10  0  0  0  0  0  0  0  0


[9,2 :3:]  [8,2 :2:]  [8,1 :4:]  [9,1 :2:]  [9,0 :4:]  [10,0 :4:]  [11,0 :1:]  [11,1 :1:]  [11,2 :1:]  [11,3 :3:]  [10,3 :2:]  [10,2 :3:]  

#110
  0  0  0  0  0  0  0  0  0  0  0  0
  0  0  0  0  0  0  0  0  0  0  0  0
  0  0  0  0  0  0  0  0  0  0  0  0
  0  0  0  0  0  0  0  0  0  0  0  0
  0  0  0  0  0  0  0  0  0  0  0  0
  0  0  0  0  0  0  0  0  0  0  0  0
  0  0  0  0  0  0  0  0  0  0  0  0
  0  0  0  0  0  0  0  0  0  0  0  0
  4  3  2  0  0  0  0  0  0  0  0  0
  5  0  1  0  0  0  0  0  0  0  0  0
  6  0 12 11  0  0  0  0  0  0  0  0
  7  8  9 10  0  0  0  0  0  0  0  0


[9,2 :3:]  [8,2 :2:]  [8,1 :2:]  [8,0 :4:]  [9,0 :4:]  [10,0 :4:]  [11,0 :1:]  [11,1 :1:]  [11,2 :1:]  [11,3 :3:]  [10,3 :2:]  [10,2 :3:]  

#111
  0  0  0  0  0  0  0  0  0  0  0  0
  0  0  0  0  0  0  0  0  0  0  0  0
  0  0  0  0  0  0  0  0  0  0  0  0
  0  0  0  0  0  0  0  0  0  0  0  0
  0  0  0  0  0  0  0  0  0  0  0  0
  0  0  0  0  0  0  0  0  0  0  0  0
  0  0  0  0  0  0  0  0  0  0  0  0
  0  0  0  0  0  0  0  0  0  0  0  0
  4  3  0  0  0  0  0  0  0  0  0  0
  5  2  1  0  0  0  0  0  0  0  0  0
  6  0 12 11  0  0  0  0  0  0  0  0
  7  8  9 10  0  0  0  0  0  0  0  0


[9,2 :2:]  [9,1 :3:]  [8,1 :2:]  [8,0 :4:]  [9,0 :4:]  [10,0 :4:]  [11,0 :1:]  [11,1 :1:]  [11,2 :1:]  [11,3 :3:]  [10,3 :2:]  [10,2 :3:]  

#112
  0  0  0  0  0  0  0  0  0  0  0  0
  0  0  0  0  0  0  0  0  0  0  0  0
  0  0  0  0  0  0  0  0  0  0  0  0
  0  0  0  0  0  0  0  0  0  0  0  0
  0  0  0  0  0  0  0  0  0  0  0  0
  0  0  0  0  0  0  0  0  0  0  0  0
  0  0  0  0  0  0  0  0  0  0  0  0
  0  0  0  0  0  0  0  0  0  0  0  0
  4  3  0  0  0  0  0  0  0  0  0  0
  5  2  1  0  0  0  0  0  0  0  0  0
  6  7 12 11  0  0  0  0  0  0  0  0
  0  8  9 10  0  0  0  0  0  0  0  0


[9,2 :2:]  [9,1 :3:]  [8,1 :2:]  [8,0 :4:]  [9,0 :4:]  [10,0 :1:]  [10,1 :4:]  [11,1 :1:]  [11,2 :1:]  [11,3 :3:]  [10,3 :2:]  [10,2 :3:]  

#113
  0  0  0  0  0  0  0  0  0  0  0  0
  0  0  0  0  0  0  0  0  0  0  0  0
  0  0  0  0  0  0  0  0  0  0  0  0
  0  0  0  0  0  0  0  0  0  0  0  0
  0  0  0  0  0  0  0  0  0  0  0  0
  0  0  0  0  0  0  0  0  0  0  0  0
  0  0  0  0  0  0  0  0  0  0  0  0
  0  4  5  6  0  0  0  0  0  0  0  0
  0  3  0  7  8  0  0  0  0  0  0  0
  0  2  1  0  9  0  0  0  0  0  0  0
  0  0 12 11 10  0  0  0  0  0  0  0
  0  0  0  0  0  0  0  0  0  0  0  0


[9,2 :2:]  [9,1 :3:]  [8,1 :3:]  [7,1 :1:]  [7,2 :1:]  [7,3 :4:]  [8,3 :1:]  [8,4 :4:]  [9,4 :4:]  [10,4 :2:]  [10,3 :2:]  [10,2 :3:]  

#114
  0  0  0  0  0  0  0  0  0  0  0  0
  0  0  0  0  0  0  0  0  0  0  0  0
  0  0  0  0  0  0  0  0  0  0  0  0
  0  0  0  0  0  0  0  0  0  0  0  0
  0  0  0  0  0  0  0  0  0  0  0  0
  0  0  0  0  0  0  0  0  0  0  0  0
  0  0  0  0  0  0  0  0  0  0  0  0
  0  0  5  6  0  0  0  0  0  0  0  0
  0  3  4  7  8  0  0  0  0  0  0  0
  0  2  1  0  9  0  0  0  0  0  0  0
  0  0 12 11 10  0  0  0  0  0  0  0
  0  0  0  0  0  0  0  0  0  0  0  0


[9,2 :2:]  [9,1 :3:]  [8,1 :1:]  [8,2 :3:]  [7,2 :1:]  [7,3 :4:]  [8,3 :1:]  [8,4 :4:]  [9,4 :4:]  [10,4 :2:]  [10,3 :2:]  [10,2 :3:]  

#115
  0  0  0  0  0  0  0  0  0  0  0  0
  0  0  0  0  0  0  0  0  0  0  0  0
  0  0  0  0  0  0  0  0  0  0  0  0
  0  0  0  0  0  0  0  0  0  0  0  0
  0  0  0  0  0  0  0  0  0  0  0  0
  0  0  0  0  0  0  0  0  0  0  0  0
  0  0  0  0  0  0  0  0  0  0  0  0
  0  0  5  6  7  0  0  0  0  0  0  0
  0  3  4  0  8  0  0  0  0  0  0  0
  0  2  1  0  9  0  0  0  0  0  0  0
  0  0 12 11 10  0  0  0  0  0  0  0
  0  0  0  0  0  0  0  0  0  0  0  0


[9,2 :2:]  [9,1 :3:]  [8,1 :1:]  [8,2 :3:]  [7,2 :1:]  [7,3 :1:]  [7,4 :4:]  [8,4 :4:]  [9,4 :4:]  [10,4 :2:]  [10,3 :2:]  [10,2 :3:]  

It took 4787 times. 
smac9:Desktop tup916$ 
