Last login: Sun Aug  9 19:34:24 on ttys000
smac9:~ tup916$ cd Desktop
smac9:Desktop tup916$ g++ -Wall 2dPivot.cc swapdir.cc Pivot_initializer.cc
smac9:Desktop tup916$ ./a.out
Ran the program for 150000000 times. 
# 1      567013 times. 
1 1 1 1 0 0 0 0 0 0 0 0 
1 0 0 1 0 0 0 0 0 0 0 0 
1 0 0 1 0 0 0 0 0 0 0 0 
1 1 1 1 0 0 0 0 0 0 0 0 
0 0 0 0 0 0 0 0 0 0 0 0 
0 0 0 0 0 0 0 0 0 0 0 0 
0 0 0 0 0 0 0 0 0 0 0 0 
0 0 0 0 0 0 0 0 0 0 0 0 
0 0 0 0 0 0 0 0 0 0 0 0 
0 0 0 0 0 0 0 0 0 0 0 0 
0 0 0 0 0 0 0 0 0 0 0 0 
0 0 0 0 0 0 0 0 0 0 0 0 


[3,0 :3:]  [2,0 :3:]  [1,0 :3:]  [0,0 :1:]  [0,1 :1:]  [0,2 :1:]  [0,3 :4:]  [1,3 :4:]  [2,3 :4:]  [3,3 :2:]  [3,2 :2:]  [3,1 :2:]  

====================================================================
# 2      4014 times. 
1 1 1 1 0 0 0 0 0 0 0 0 
1 0 0 1 0 0 0 0 0 0 0 0 
1 0 1 1 0 0 0 0 0 0 0 0 
1 1 1 0 0 0 0 0 0 0 0 0 
0 0 0 0 0 0 0 0 0 0 0 0 
0 0 0 0 0 0 0 0 0 0 0 0 
0 0 0 0 0 0 0 0 0 0 0 0 
0 0 0 0 0 0 0 0 0 0 0 0 
0 0 0 0 0 0 0 0 0 0 0 0 
0 0 0 0 0 0 0 0 0 0 0 0 
0 0 0 0 0 0 0 0 0 0 0 0 
0 0 0 0 0 0 0 0 0 0 0 0 


[3,0 :3:]  [2,0 :3:]  [1,0 :3:]  [0,0 :1:]  [0,1 :1:]  [0,2 :1:]  [0,3 :4:]  [1,3 :4:]  [2,3 :2:]  [2,2 :4:]  [3,2 :2:]  [3,1 :2:]  

====================================================================
# 3      3819 times. 
1 1 1 0 0 0 0 0 0 0 0 0 
1 0 1 1 0 0 0 0 0 0 0 0 
1 0 1 1 0 0 0 0 0 0 0 0 
1 1 1 0 0 0 0 0 0 0 0 0 
0 0 0 0 0 0 0 0 0 0 0 0 
0 0 0 0 0 0 0 0 0 0 0 0 
0 0 0 0 0 0 0 0 0 0 0 0 
0 0 0 0 0 0 0 0 0 0 0 0 
0 0 0 0 0 0 0 0 0 0 0 0 
0 0 0 0 0 0 0 0 0 0 0 0 
0 0 0 0 0 0 0 0 0 0 0 0 
0 0 0 0 0 0 0 0 0 0 0 0 


[3,0 :3:]  [2,0 :3:]  [1,0 :3:]  [0,0 :1:]  [0,1 :1:]  [0,2 :4:]  [1,2 :1:]  [1,3 :4:]  [2,3 :2:]  [2,2 :4:]  [3,2 :2:]  [3,1 :2:]  

====================================================================
# 4      2957 times. 
1 1 1 0 0 0 0 0 0 0 0 0 
1 1 1 0 0 0 0 0 0 0 0 0 
1 1 1 0 0 0 0 0 0 0 0 0 
1 1 1 0 0 0 0 0 0 0 0 0 
0 0 0 0 0 0 0 0 0 0 0 0 
0 0 0 0 0 0 0 0 0 0 0 0 
0 0 0 0 0 0 0 0 0 0 0 0 
0 0 0 0 0 0 0 0 0 0 0 0 
0 0 0 0 0 0 0 0 0 0 0 0 
0 0 0 0 0 0 0 0 0 0 0 0 
0 0 0 0 0 0 0 0 0 0 0 0 
0 0 0 0 0 0 0 0 0 0 0 0 


[3,0 :3:]  [2,0 :3:]  [1,0 :3:]  [0,0 :1:]  [0,1 :1:]  [0,2 :4:]  [1,2 :2:]  [1,1 :4:]  [2,1 :1:]  [2,2 :4:]  [3,2 :2:]  [3,1 :2:]  

====================================================================
# 5      5090 times. 
1 1 1 1 0 0 0 0 0 0 0 0 
1 0 1 1 0 0 0 0 0 0 0 0 
1 0 1 0 0 0 0 0 0 0 0 0 
1 1 1 0 0 0 0 0 0 0 0 0 
0 0 0 0 0 0 0 0 0 0 0 0 
0 0 0 0 0 0 0 0 0 0 0 0 
0 0 0 0 0 0 0 0 0 0 0 0 
0 0 0 0 0 0 0 0 0 0 0 0 
0 0 0 0 0 0 0 0 0 0 0 0 
0 0 0 0 0 0 0 0 0 0 0 0 
0 0 0 0 0 0 0 0 0 0 0 0 
0 0 0 0 0 0 0 0 0 0 0 0 


[3,0 :3:]  [2,0 :3:]  [1,0 :3:]  [0,0 :1:]  [0,1 :1:]  [0,2 :1:]  [0,3 :4:]  [1,3 :2:]  [1,2 :4:]  [2,2 :4:]  [3,2 :2:]  [3,1 :2:]  

====================================================================
# 6      3296 times. 
0 1 1 1 0 0 0 0 0 0 0 0 
1 1 1 1 0 0 0 0 0 0 0 0 
1 0 1 0 0 0 0 0 0 0 0 0 
1 1 1 0 0 0 0 0 0 0 0 0 
0 0 0 0 0 0 0 0 0 0 0 0 
0 0 0 0 0 0 0 0 0 0 0 0 
0 0 0 0 0 0 0 0 0 0 0 0 
0 0 0 0 0 0 0 0 0 0 0 0 
0 0 0 0 0 0 0 0 0 0 0 0 
0 0 0 0 0 0 0 0 0 0 0 0 
0 0 0 0 0 0 0 0 0 0 0 0 
0 0 0 0 0 0 0 0 0 0 0 0 


[3,0 :3:]  [2,0 :3:]  [1,0 :1:]  [1,1 :3:]  [0,1 :1:]  [0,2 :1:]  [0,3 :4:]  [1,3 :2:]  [1,2 :4:]  [2,2 :4:]  [3,2 :2:]  [3,1 :2:]  

====================================================================
# 7      3951 times. 
0 1 1 1 0 0 0 0 0 0 0 0 
1 1 0 1 0 0 0 0 0 0 0 0 
1 0 1 1 0 0 0 0 0 0 0 0 
1 1 1 0 0 0 0 0 0 0 0 0 
0 0 0 0 0 0 0 0 0 0 0 0 
0 0 0 0 0 0 0 0 0 0 0 0 
0 0 0 0 0 0 0 0 0 0 0 0 
0 0 0 0 0 0 0 0 0 0 0 0 
0 0 0 0 0 0 0 0 0 0 0 0 
0 0 0 0 0 0 0 0 0 0 0 0 
0 0 0 0 0 0 0 0 0 0 0 0 
0 0 0 0 0 0 0 0 0 0 0 0 


[3,0 :3:]  [2,0 :3:]  [1,0 :1:]  [1,1 :3:]  [0,1 :1:]  [0,2 :1:]  [0,3 :4:]  [1,3 :4:]  [2,3 :2:]  [2,2 :4:]  [3,2 :2:]  [3,1 :2:]  

====================================================================
# 8      3024 times. 
0 1 1 1 0 0 0 0 0 0 0 0 
1 1 1 1 0 0 0 0 0 0 0 0 
1 1 1 0 0 0 0 0 0 0 0 0 
1 1 0 0 0 0 0 0 0 0 0 0 
0 0 0 0 0 0 0 0 0 0 0 0 
0 0 0 0 0 0 0 0 0 0 0 0 
0 0 0 0 0 0 0 0 0 0 0 0 
0 0 0 0 0 0 0 0 0 0 0 0 
0 0 0 0 0 0 0 0 0 0 0 0 
0 0 0 0 0 0 0 0 0 0 0 0 
0 0 0 0 0 0 0 0 0 0 0 0 
0 0 0 0 0 0 0 0 0 0 0 0 


[3,0 :3:]  [2,0 :3:]  [1,0 :1:]  [1,1 :3:]  [0,1 :1:]  [0,2 :1:]  [0,3 :4:]  [1,3 :2:]  [1,2 :4:]  [2,2 :2:]  [2,1 :4:]  [3,1 :2:]  

====================================================================
# 9      4249 times. 
1 1 1 1 0 0 0 0 0 0 0 0 
1 0 1 1 0 0 0 0 0 0 0 0 
1 1 1 0 0 0 0 0 0 0 0 0 
1 1 0 0 0 0 0 0 0 0 0 0 
0 0 0 0 0 0 0 0 0 0 0 0 
0 0 0 0 0 0 0 0 0 0 0 0 
0 0 0 0 0 0 0 0 0 0 0 0 
0 0 0 0 0 0 0 0 0 0 0 0 
0 0 0 0 0 0 0 0 0 0 0 0 
0 0 0 0 0 0 0 0 0 0 0 0 
0 0 0 0 0 0 0 0 0 0 0 0 
0 0 0 0 0 0 0 0 0 0 0 0 


[3,0 :3:]  [2,0 :3:]  [1,0 :3:]  [0,0 :1:]  [0,1 :1:]  [0,2 :1:]  [0,3 :4:]  [1,3 :2:]  [1,2 :4:]  [2,2 :2:]  [2,1 :4:]  [3,1 :2:]  

====================================================================
# 10      5764 times. 
1 1 1 1 0 0 0 0 0 0 0 0 
1 0 0 1 0 0 0 0 0 0 0 0 
1 1 1 1 0 0 0 0 0 0 0 0 
1 1 0 0 0 0 0 0 0 0 0 0 
0 0 0 0 0 0 0 0 0 0 0 0 
0 0 0 0 0 0 0 0 0 0 0 0 
0 0 0 0 0 0 0 0 0 0 0 0 
0 0 0 0 0 0 0 0 0 0 0 0 
0 0 0 0 0 0 0 0 0 0 0 0 
0 0 0 0 0 0 0 0 0 0 0 0 
0 0 0 0 0 0 0 0 0 0 0 0 
0 0 0 0 0 0 0 0 0 0 0 0 


[3,0 :3:]  [2,0 :3:]  [1,0 :3:]  [0,0 :1:]  [0,1 :1:]  [0,2 :1:]  [0,3 :4:]  [1,3 :4:]  [2,3 :2:]  [2,2 :2:]  [2,1 :4:]  [3,1 :2:]  

====================================================================
# 11      2643 times. 
1 1 1 1 0 0 0 0 0 0 0 0 
1 1 1 1 0 0 0 0 0 0 0 0 
1 1 1 1 0 0 0 0 0 0 0 0 
0 0 0 0 0 0 0 0 0 0 0 0 
0 0 0 0 0 0 0 0 0 0 0 0 
0 0 0 0 0 0 0 0 0 0 0 0 
0 0 0 0 0 0 0 0 0 0 0 0 
0 0 0 0 0 0 0 0 0 0 0 0 
0 0 0 0 0 0 0 0 0 0 0 0 
0 0 0 0 0 0 0 0 0 0 0 0 
0 0 0 0 0 0 0 0 0 0 0 0 
0 0 0 0 0 0 0 0 0 0 0 0 


[2,1 :2:]  [2,0 :3:]  [1,0 :3:]  [0,0 :1:]  [0,1 :1:]  [0,2 :1:]  [0,3 :4:]  [1,3 :4:]  [2,3 :2:]  [2,2 :3:]  [1,2 :2:]  [1,1 :4:]  

====================================================================
# 12      3659 times. 
1 1 1 1 0 0 0 0 0 0 0 0 
1 0 0 1 0 0 0 0 0 0 0 0 
1 1 1 1 0 0 0 0 0 0 0 0 
0 1 1 0 0 0 0 0 0 0 0 0 
0 0 0 0 0 0 0 0 0 0 0 0 
0 0 0 0 0 0 0 0 0 0 0 0 
0 0 0 0 0 0 0 0 0 0 0 0 
0 0 0 0 0 0 0 0 0 0 0 0 
0 0 0 0 0 0 0 0 0 0 0 0 
0 0 0 0 0 0 0 0 0 0 0 0 
0 0 0 0 0 0 0 0 0 0 0 0 
0 0 0 0 0 0 0 0 0 0 0 0 


[2,1 :2:]  [2,0 :3:]  [1,0 :3:]  [0,0 :1:]  [0,1 :1:]  [0,2 :1:]  [0,3 :4:]  [1,3 :4:]  [2,3 :2:]  [2,2 :4:]  [3,2 :2:]  [3,1 :3:]  

====================================================================
# 13      3102 times. 
1 1 1 1 0 0 0 0 0 0 0 0 
1 0 1 1 0 0 0 0 0 0 0 0 
1 1 1 0 0 0 0 0 0 0 0 0 
0 1 1 0 0 0 0 0 0 0 0 0 
0 0 0 0 0 0 0 0 0 0 0 0 
0 0 0 0 0 0 0 0 0 0 0 0 
0 0 0 0 0 0 0 0 0 0 0 0 
0 0 0 0 0 0 0 0 0 0 0 0 
0 0 0 0 0 0 0 0 0 0 0 0 
0 0 0 0 0 0 0 0 0 0 0 0 
0 0 0 0 0 0 0 0 0 0 0 0 
0 0 0 0 0 0 0 0 0 0 0 0 


[2,1 :2:]  [2,0 :3:]  [1,0 :3:]  [0,0 :1:]  [0,1 :1:]  [0,2 :1:]  [0,3 :4:]  [1,3 :2:]  [1,2 :4:]  [2,2 :4:]  [3,2 :2:]  [3,1 :3:]  

====================================================================
# 14      2892 times. 
1 1 1 1 0 0 0 0 0 0 0 0 
1 1 1 1 0 0 0 0 0 0 0 0 
0 1 1 0 0 0 0 0 0 0 0 0 
0 1 1 0 0 0 0 0 0 0 0 0 
0 0 0 0 0 0 0 0 0 0 0 0 
0 0 0 0 0 0 0 0 0 0 0 0 
0 0 0 0 0 0 0 0 0 0 0 0 
0 0 0 0 0 0 0 0 0 0 0 0 
0 0 0 0 0 0 0 0 0 0 0 0 
0 0 0 0 0 0 0 0 0 0 0 0 
0 0 0 0 0 0 0 0 0 0 0 0 
0 0 0 0 0 0 0 0 0 0 0 0 


[2,1 :3:]  [1,1 :2:]  [1,0 :3:]  [0,0 :1:]  [0,1 :1:]  [0,2 :1:]  [0,3 :4:]  [1,3 :2:]  [1,2 :4:]  [2,2 :4:]  [3,2 :2:]  [3,1 :3:]  

====================================================================
# 15      2245819 times. 
1 1 1 1 0 0 0 0 0 0 0 0 
1 1 0 1 0 0 0 0 0 0 0 0 
0 1 0 1 0 0 0 0 0 0 0 0 
0 1 1 1 0 0 0 0 0 0 0 0 
0 0 0 0 0 0 0 0 0 0 0 0 
0 0 0 0 0 0 0 0 0 0 0 0 
0 0 0 0 0 0 0 0 0 0 0 0 
0 0 0 0 0 0 0 0 0 0 0 0 
0 0 0 0 0 0 0 0 0 0 0 0 
0 0 0 0 0 0 0 0 0 0 0 0 
0 0 0 0 0 0 0 0 0 0 0 0 
0 0 0 0 0 0 0 0 0 0 0 0 


[2,1 :3:]  [1,1 :2:]  [1,0 :3:]  [0,0 :1:]  [0,1 :1:]  [0,2 :1:]  [0,3 :4:]  [1,3 :4:]  [2,3 :4:]  [3,3 :2:]  [3,2 :2:]  [3,1 :3:]  

====================================================================
# 16      2826 times. 
1 1 1 0 0 0 0 0 0 0 0 0 
1 1 1 0 0 0 0 0 0 0 0 0 
0 1 1 1 0 0 0 0 0 0 0 0 
0 1 1 1 0 0 0 0 0 0 0 0 
0 0 0 0 0 0 0 0 0 0 0 0 
0 0 0 0 0 0 0 0 0 0 0 0 
0 0 0 0 0 0 0 0 0 0 0 0 
0 0 0 0 0 0 0 0 0 0 0 0 
0 0 0 0 0 0 0 0 0 0 0 0 
0 0 0 0 0 0 0 0 0 0 0 0 
0 0 0 0 0 0 0 0 0 0 0 0 
0 0 0 0 0 0 0 0 0 0 0 0 


[2,1 :3:]  [1,1 :2:]  [1,0 :3:]  [0,0 :1:]  [0,1 :1:]  [0,2 :4:]  [1,2 :4:]  [2,2 :1:]  [2,3 :4:]  [3,3 :2:]  [3,2 :2:]  [3,1 :3:]  

====================================================================
# 17      3164 times. 
1 1 1 0 0 0 0 0 0 0 0 0 
1 0 1 0 0 0 0 0 0 0 0 0 
1 1 1 1 0 0 0 0 0 0 0 0 
0 1 1 1 0 0 0 0 0 0 0 0 
0 0 0 0 0 0 0 0 0 0 0 0 
0 0 0 0 0 0 0 0 0 0 0 0 
0 0 0 0 0 0 0 0 0 0 0 0 
0 0 0 0 0 0 0 0 0 0 0 0 
0 0 0 0 0 0 0 0 0 0 0 0 
0 0 0 0 0 0 0 0 0 0 0 0 
0 0 0 0 0 0 0 0 0 0 0 0 
0 0 0 0 0 0 0 0 0 0 0 0 


[2,1 :2:]  [2,0 :3:]  [1,0 :3:]  [0,0 :1:]  [0,1 :1:]  [0,2 :4:]  [1,2 :4:]  [2,2 :1:]  [2,3 :4:]  [3,3 :2:]  [3,2 :2:]  [3,1 :3:]  

====================================================================
# 18      3036 times. 
1 1 0 0 0 0 0 0 0 0 0 0 
1 1 1 0 0 0 0 0 0 0 0 0 
1 1 1 1 0 0 0 0 0 0 0 0 
0 1 1 1 0 0 0 0 0 0 0 0 
0 0 0 0 0 0 0 0 0 0 0 0 
0 0 0 0 0 0 0 0 0 0 0 0 
0 0 0 0 0 0 0 0 0 0 0 0 
0 0 0 0 0 0 0 0 0 0 0 0 
0 0 0 0 0 0 0 0 0 0 0 0 
0 0 0 0 0 0 0 0 0 0 0 0 
0 0 0 0 0 0 0 0 0 0 0 0 
0 0 0 0 0 0 0 0 0 0 0 0 


[2,1 :2:]  [2,0 :3:]  [1,0 :3:]  [0,0 :1:]  [0,1 :4:]  [1,1 :1:]  [1,2 :4:]  [2,2 :1:]  [2,3 :4:]  [3,3 :2:]  [3,2 :2:]  [3,1 :3:]  

====================================================================
# 19      3648 times. 
1 1 0 0 0 0 0 0 0 0 0 0 
1 1 1 0 0 0 0 0 0 0 0 0 
1 0 1 1 0 0 0 0 0 0 0 0 
1 1 1 1 0 0 0 0 0 0 0 0 
0 0 0 0 0 0 0 0 0 0 0 0 
0 0 0 0 0 0 0 0 0 0 0 0 
0 0 0 0 0 0 0 0 0 0 0 0 
0 0 0 0 0 0 0 0 0 0 0 0 
0 0 0 0 0 0 0 0 0 0 0 0 
0 0 0 0 0 0 0 0 0 0 0 0 
0 0 0 0 0 0 0 0 0 0 0 0 
0 0 0 0 0 0 0 0 0 0 0 0 


[3,0 :3:]  [2,0 :3:]  [1,0 :3:]  [0,0 :1:]  [0,1 :4:]  [1,1 :1:]  [1,2 :4:]  [2,2 :1:]  [2,3 :4:]  [3,3 :2:]  [3,2 :2:]  [3,1 :2:]  

====================================================================
# 20      4542 times. 
1 1 0 0 0 0 0 0 0 0 0 0 
1 1 1 1 0 0 0 0 0 0 0 0 
1 0 0 1 0 0 0 0 0 0 0 0 
1 1 1 1 0 0 0 0 0 0 0 0 
0 0 0 0 0 0 0 0 0 0 0 0 
0 0 0 0 0 0 0 0 0 0 0 0 
0 0 0 0 0 0 0 0 0 0 0 0 
0 0 0 0 0 0 0 0 0 0 0 0 
0 0 0 0 0 0 0 0 0 0 0 0 
0 0 0 0 0 0 0 0 0 0 0 0 
0 0 0 0 0 0 0 0 0 0 0 0 
0 0 0 0 0 0 0 0 0 0 0 0 


[3,0 :3:]  [2,0 :3:]  [1,0 :3:]  [0,0 :1:]  [0,1 :4:]  [1,1 :1:]  [1,2 :1:]  [1,3 :4:]  [2,3 :4:]  [3,3 :2:]  [3,2 :2:]  [3,1 :2:]  

====================================================================
# 21      3956 times. 
1 1 1 0 0 0 0 0 0 0 0 0 
1 0 1 1 0 0 0 0 0 0 0 0 
1 0 0 1 0 0 0 0 0 0 0 0 
1 1 1 1 0 0 0 0 0 0 0 0 
0 0 0 0 0 0 0 0 0 0 0 0 
0 0 0 0 0 0 0 0 0 0 0 0 
0 0 0 0 0 0 0 0 0 0 0 0 
0 0 0 0 0 0 0 0 0 0 0 0 
0 0 0 0 0 0 0 0 0 0 0 0 
0 0 0 0 0 0 0 0 0 0 0 0 
0 0 0 0 0 0 0 0 0 0 0 0 
0 0 0 0 0 0 0 0 0 0 0 0 


[3,0 :3:]  [2,0 :3:]  [1,0 :3:]  [0,0 :1:]  [0,1 :1:]  [0,2 :4:]  [1,2 :1:]  [1,3 :4:]  [2,3 :4:]  [3,3 :2:]  [3,2 :2:]  [3,1 :2:]  

====================================================================
# 22      4410 times. 
1 1 1 0 0 0 0 0 0 0 0 0 
1 0 1 0 0 0 0 0 0 0 0 0 
1 0 1 1 0 0 0 0 0 0 0 0 
1 1 1 1 0 0 0 0 0 0 0 0 
0 0 0 0 0 0 0 0 0 0 0 0 
0 0 0 0 0 0 0 0 0 0 0 0 
0 0 0 0 0 0 0 0 0 0 0 0 
0 0 0 0 0 0 0 0 0 0 0 0 
0 0 0 0 0 0 0 0 0 0 0 0 
0 0 0 0 0 0 0 0 0 0 0 0 
0 0 0 0 0 0 0 0 0 0 0 0 
0 0 0 0 0 0 0 0 0 0 0 0 


[3,0 :3:]  [2,0 :3:]  [1,0 :3:]  [0,0 :1:]  [0,1 :1:]  [0,2 :4:]  [1,2 :4:]  [2,2 :1:]  [2,3 :4:]  [3,3 :2:]  [3,2 :2:]  [3,1 :2:]  

====================================================================
# 23      3201 times. 
0 1 1 0 0 0 0 0 0 0 0 0 
1 1 1 0 0 0 0 0 0 0 0 0 
1 0 1 1 0 0 0 0 0 0 0 0 
1 1 1 1 0 0 0 0 0 0 0 0 
0 0 0 0 0 0 0 0 0 0 0 0 
0 0 0 0 0 0 0 0 0 0 0 0 
0 0 0 0 0 0 0 0 0 0 0 0 
0 0 0 0 0 0 0 0 0 0 0 0 
0 0 0 0 0 0 0 0 0 0 0 0 
0 0 0 0 0 0 0 0 0 0 0 0 
0 0 0 0 0 0 0 0 0 0 0 0 
0 0 0 0 0 0 0 0 0 0 0 0 


[3,0 :3:]  [2,0 :3:]  [1,0 :1:]  [1,1 :3:]  [0,1 :1:]  [0,2 :4:]  [1,2 :4:]  [2,2 :1:]  [2,3 :4:]  [3,3 :2:]  [3,2 :2:]  [3,1 :2:]  

====================================================================
# 24      3011 times. 
0 1 1 0 0 0 0 0 0 0 0 0 
0 1 1 0 0 0 0 0 0 0 0 0 
1 1 1 1 0 0 0 0 0 0 0 0 
1 1 1 1 0 0 0 0 0 0 0 0 
0 0 0 0 0 0 0 0 0 0 0 0 
0 0 0 0 0 0 0 0 0 0 0 0 
0 0 0 0 0 0 0 0 0 0 0 0 
0 0 0 0 0 0 0 0 0 0 0 0 
0 0 0 0 0 0 0 0 0 0 0 0 
0 0 0 0 0 0 0 0 0 0 0 0 
0 0 0 0 0 0 0 0 0 0 0 0 
0 0 0 0 0 0 0 0 0 0 0 0 


[3,0 :3:]  [2,0 :1:]  [2,1 :3:]  [1,1 :3:]  [0,1 :1:]  [0,2 :4:]  [1,2 :4:]  [2,2 :1:]  [2,3 :4:]  [3,3 :2:]  [3,2 :2:]  [3,1 :2:]  

====================================================================
# 25      3320 times. 
0 1 1 0 0 0 0 0 0 0 0 0 
0 1 1 1 0 0 0 0 0 0 0 0 
1 1 0 1 0 0 0 0 0 0 0 0 
1 1 1 1 0 0 0 0 0 0 0 0 
0 0 0 0 0 0 0 0 0 0 0 0 
0 0 0 0 0 0 0 0 0 0 0 0 
0 0 0 0 0 0 0 0 0 0 0 0 
0 0 0 0 0 0 0 0 0 0 0 0 
0 0 0 0 0 0 0 0 0 0 0 0 
0 0 0 0 0 0 0 0 0 0 0 0 
0 0 0 0 0 0 0 0 0 0 0 0 
0 0 0 0 0 0 0 0 0 0 0 0 


[3,0 :3:]  [2,0 :1:]  [2,1 :3:]  [1,1 :3:]  [0,1 :1:]  [0,2 :4:]  [1,2 :1:]  [1,3 :4:]  [2,3 :4:]  [3,3 :2:]  [3,2 :2:]  [3,1 :2:]  

====================================================================
# 26      2896 times. 
0 1 1 0 0 0 0 0 0 0 0 0 
0 1 1 1 0 0 0 0 0 0 0 0 
1 1 1 1 0 0 0 0 0 0 0 0 
1 1 1 0 0 0 0 0 0 0 0 0 
0 0 0 0 0 0 0 0 0 0 0 0 
0 0 0 0 0 0 0 0 0 0 0 0 
0 0 0 0 0 0 0 0 0 0 0 0 
0 0 0 0 0 0 0 0 0 0 0 0 
0 0 0 0 0 0 0 0 0 0 0 0 
0 0 0 0 0 0 0 0 0 0 0 0 
0 0 0 0 0 0 0 0 0 0 0 0 
0 0 0 0 0 0 0 0 0 0 0 0 


[3,0 :3:]  [2,0 :1:]  [2,1 :3:]  [1,1 :3:]  [0,1 :1:]  [0,2 :4:]  [1,2 :1:]  [1,3 :4:]  [2,3 :2:]  [2,2 :4:]  [3,2 :2:]  [3,1 :2:]  

====================================================================
# 27      3050 times. 
0 1 1 0 0 0 0 0 0 0 0 0 
1 1 1 1 0 0 0 0 0 0 0 0 
1 0 1 1 0 0 0 0 0 0 0 0 
1 1 1 0 0 0 0 0 0 0 0 0 
0 0 0 0 0 0 0 0 0 0 0 0 
0 0 0 0 0 0 0 0 0 0 0 0 
0 0 0 0 0 0 0 0 0 0 0 0 
0 0 0 0 0 0 0 0 0 0 0 0 
0 0 0 0 0 0 0 0 0 0 0 0 
0 0 0 0 0 0 0 0 0 0 0 0 
0 0 0 0 0 0 0 0 0 0 0 0 
0 0 0 0 0 0 0 0 0 0 0 0 


[3,0 :3:]  [2,0 :3:]  [1,0 :1:]  [1,1 :3:]  [0,1 :1:]  [0,2 :4:]  [1,2 :1:]  [1,3 :4:]  [2,3 :2:]  [2,2 :4:]  [3,2 :2:]  [3,1 :2:]  

====================================================================
# 28      2834 times. 
0 1 1 0 0 0 0 0 0 0 0 0 
1 1 1 1 0 0 0 0 0 0 0 0 
1 1 1 1 0 0 0 0 0 0 0 0 
1 1 0 0 0 0 0 0 0 0 0 0 
0 0 0 0 0 0 0 0 0 0 0 0 
0 0 0 0 0 0 0 0 0 0 0 0 
0 0 0 0 0 0 0 0 0 0 0 0 
0 0 0 0 0 0 0 0 0 0 0 0 
0 0 0 0 0 0 0 0 0 0 0 0 
0 0 0 0 0 0 0 0 0 0 0 0 
0 0 0 0 0 0 0 0 0 0 0 0 
0 0 0 0 0 0 0 0 0 0 0 0 


[3,0 :3:]  [2,0 :3:]  [1,0 :1:]  [1,1 :3:]  [0,1 :1:]  [0,2 :4:]  [1,2 :1:]  [1,3 :4:]  [2,3 :2:]  [2,2 :2:]  [2,1 :4:]  [3,1 :2:]  

====================================================================
# 29      3188 times. 
1 1 1 0 0 0 0 0 0 0 0 0 
1 0 1 1 0 0 0 0 0 0 0 0 
1 1 1 1 0 0 0 0 0 0 0 0 
1 1 0 0 0 0 0 0 0 0 0 0 
0 0 0 0 0 0 0 0 0 0 0 0 
0 0 0 0 0 0 0 0 0 0 0 0 
0 0 0 0 0 0 0 0 0 0 0 0 
0 0 0 0 0 0 0 0 0 0 0 0 
0 0 0 0 0 0 0 0 0 0 0 0 
0 0 0 0 0 0 0 0 0 0 0 0 
0 0 0 0 0 0 0 0 0 0 0 0 
0 0 0 0 0 0 0 0 0 0 0 0 


[3,0 :3:]  [2,0 :3:]  [1,0 :3:]  [0,0 :1:]  [0,1 :1:]  [0,2 :4:]  [1,2 :1:]  [1,3 :4:]  [2,3 :2:]  [2,2 :2:]  [2,1 :4:]  [3,1 :2:]  

====================================================================
# 30      2974 times. 
1 1 0 0 0 0 0 0 0 0 0 0 
1 1 1 1 0 0 0 0 0 0 0 0 
1 1 1 1 0 0 0 0 0 0 0 0 
1 1 0 0 0 0 0 0 0 0 0 0 
0 0 0 0 0 0 0 0 0 0 0 0 
0 0 0 0 0 0 0 0 0 0 0 0 
0 0 0 0 0 0 0 0 0 0 0 0 
0 0 0 0 0 0 0 0 0 0 0 0 
0 0 0 0 0 0 0 0 0 0 0 0 
0 0 0 0 0 0 0 0 0 0 0 0 
0 0 0 0 0 0 0 0 0 0 0 0 
0 0 0 0 0 0 0 0 0 0 0 0 


[3,0 :3:]  [2,0 :3:]  [1,0 :3:]  [0,0 :1:]  [0,1 :4:]  [1,1 :1:]  [1,2 :1:]  [1,3 :4:]  [2,3 :2:]  [2,2 :2:]  [2,1 :4:]  [3,1 :2:]  

====================================================================
# 31      3233 times. 
1 1 0 0 0 0 0 0 0 0 0 0 
1 1 1 1 0 0 0 0 0 0 0 0 
1 0 1 1 0 0 0 0 0 0 0 0 
1 1 1 0 0 0 0 0 0 0 0 0 
0 0 0 0 0 0 0 0 0 0 0 0 
0 0 0 0 0 0 0 0 0 0 0 0 
0 0 0 0 0 0 0 0 0 0 0 0 
0 0 0 0 0 0 0 0 0 0 0 0 
0 0 0 0 0 0 0 0 0 0 0 0 
0 0 0 0 0 0 0 0 0 0 0 0 
0 0 0 0 0 0 0 0 0 0 0 0 
0 0 0 0 0 0 0 0 0 0 0 0 


[3,0 :3:]  [2,0 :3:]  [1,0 :3:]  [0,0 :1:]  [0,1 :4:]  [1,1 :1:]  [1,2 :1:]  [1,3 :4:]  [2,3 :2:]  [2,2 :4:]  [3,2 :2:]  [3,1 :2:]  

====================================================================
# 32      2715 times. 
1 1 0 0 0 0 0 0 0 0 0 0 
1 1 1 1 0 0 0 0 0 0 0 0 
1 1 1 1 0 0 0 0 0 0 0 0 
0 1 1 0 0 0 0 0 0 0 0 0 
0 0 0 0 0 0 0 0 0 0 0 0 
0 0 0 0 0 0 0 0 0 0 0 0 
0 0 0 0 0 0 0 0 0 0 0 0 
0 0 0 0 0 0 0 0 0 0 0 0 
0 0 0 0 0 0 0 0 0 0 0 0 
0 0 0 0 0 0 0 0 0 0 0 0 
0 0 0 0 0 0 0 0 0 0 0 0 
0 0 0 0 0 0 0 0 0 0 0 0 


[2,1 :2:]  [2,0 :3:]  [1,0 :3:]  [0,0 :1:]  [0,1 :4:]  [1,1 :1:]  [1,2 :1:]  [1,3 :4:]  [2,3 :2:]  [2,2 :4:]  [3,2 :2:]  [3,1 :3:]  

====================================================================
# 33      3152 times. 
1 1 1 0 0 0 0 0 0 0 0 0 
1 0 1 1 0 0 0 0 0 0 0 0 
1 1 1 1 0 0 0 0 0 0 0 0 
0 1 1 0 0 0 0 0 0 0 0 0 
0 0 0 0 0 0 0 0 0 0 0 0 
0 0 0 0 0 0 0 0 0 0 0 0 
0 0 0 0 0 0 0 0 0 0 0 0 
0 0 0 0 0 0 0 0 0 0 0 0 
0 0 0 0 0 0 0 0 0 0 0 0 
0 0 0 0 0 0 0 0 0 0 0 0 
0 0 0 0 0 0 0 0 0 0 0 0 
0 0 0 0 0 0 0 0 0 0 0 0 


[2,1 :2:]  [2,0 :3:]  [1,0 :3:]  [0,0 :1:]  [0,1 :1:]  [0,2 :4:]  [1,2 :1:]  [1,3 :4:]  [2,3 :2:]  [2,2 :4:]  [3,2 :2:]  [3,1 :3:]  

====================================================================
# 34      2691 times. 
0 1 1 0 0 0 0 0 0 0 0 0 
1 1 1 1 0 0 0 0 0 0 0 0 
1 1 1 1 0 0 0 0 0 0 0 0 
0 1 1 0 0 0 0 0 0 0 0 0 
0 0 0 0 0 0 0 0 0 0 0 0 
0 0 0 0 0 0 0 0 0 0 0 0 
0 0 0 0 0 0 0 0 0 0 0 0 
0 0 0 0 0 0 0 0 0 0 0 0 
0 0 0 0 0 0 0 0 0 0 0 0 
0 0 0 0 0 0 0 0 0 0 0 0 
0 0 0 0 0 0 0 0 0 0 0 0 
0 0 0 0 0 0 0 0 0 0 0 0 


[2,1 :2:]  [2,0 :3:]  [1,0 :1:]  [1,1 :3:]  [0,1 :1:]  [0,2 :4:]  [1,2 :1:]  [1,3 :4:]  [2,3 :2:]  [2,2 :4:]  [3,2 :2:]  [3,1 :3:]  

====================================================================
# 35      2988 times. 
0 1 1 0 0 0 0 0 0 0 0 0 
1 1 1 1 0 0 0 0 0 0 0 0 
1 1 0 1 0 0 0 0 0 0 0 0 
0 1 1 1 0 0 0 0 0 0 0 0 
0 0 0 0 0 0 0 0 0 0 0 0 
0 0 0 0 0 0 0 0 0 0 0 0 
0 0 0 0 0 0 0 0 0 0 0 0 
0 0 0 0 0 0 0 0 0 0 0 0 
0 0 0 0 0 0 0 0 0 0 0 0 
0 0 0 0 0 0 0 0 0 0 0 0 
0 0 0 0 0 0 0 0 0 0 0 0 
0 0 0 0 0 0 0 0 0 0 0 0 


[2,1 :2:]  [2,0 :3:]  [1,0 :1:]  [1,1 :3:]  [0,1 :1:]  [0,2 :4:]  [1,2 :1:]  [1,3 :4:]  [2,3 :4:]  [3,3 :2:]  [3,2 :2:]  [3,1 :3:]  

====================================================================
# 36      2664 times. 
0 1 1 0 0 0 0 0 0 0 0 0 
1 1 1 1 0 0 0 0 0 0 0 0 
1 1 1 1 0 0 0 0 0 0 0 0 
0 0 1 1 0 0 0 0 0 0 0 0 
0 0 0 0 0 0 0 0 0 0 0 0 
0 0 0 0 0 0 0 0 0 0 0 0 
0 0 0 0 0 0 0 0 0 0 0 0 
0 0 0 0 0 0 0 0 0 0 0 0 
0 0 0 0 0 0 0 0 0 0 0 0 
0 0 0 0 0 0 0 0 0 0 0 0 
0 0 0 0 0 0 0 0 0 0 0 0 
0 0 0 0 0 0 0 0 0 0 0 0 


[2,1 :2:]  [2,0 :3:]  [1,0 :1:]  [1,1 :3:]  [0,1 :1:]  [0,2 :4:]  [1,2 :1:]  [1,3 :4:]  [2,3 :4:]  [3,3 :2:]  [3,2 :3:]  [2,2 :2:]  

====================================================================
# 37      2889 times. 
0 1 1 1 0 0 0 0 0 0 0 0 
1 1 0 1 0 0 0 0 0 0 0 0 
1 1 1 1 0 0 0 0 0 0 0 0 
0 0 1 1 0 0 0 0 0 0 0 0 
0 0 0 0 0 0 0 0 0 0 0 0 
0 0 0 0 0 0 0 0 0 0 0 0 
0 0 0 0 0 0 0 0 0 0 0 0 
0 0 0 0 0 0 0 0 0 0 0 0 
0 0 0 0 0 0 0 0 0 0 0 0 
0 0 0 0 0 0 0 0 0 0 0 0 
0 0 0 0 0 0 0 0 0 0 0 0 
0 0 0 0 0 0 0 0 0 0 0 0 


[2,1 :2:]  [2,0 :3:]  [1,0 :1:]  [1,1 :3:]  [0,1 :1:]  [0,2 :1:]  [0,3 :4:]  [1,3 :4:]  [2,3 :4:]  [3,3 :2:]  [3,2 :3:]  [2,2 :2:]  

====================================================================
# 38      2966 times. 
0 0 1 1 0 0 0 0 0 0 0 0 
1 1 1 1 0 0 0 0 0 0 0 0 
1 1 1 1 0 0 0 0 0 0 0 0 
0 0 1 1 0 0 0 0 0 0 0 0 
0 0 0 0 0 0 0 0 0 0 0 0 
0 0 0 0 0 0 0 0 0 0 0 0 
0 0 0 0 0 0 0 0 0 0 0 0 
0 0 0 0 0 0 0 0 0 0 0 0 
0 0 0 0 0 0 0 0 0 0 0 0 
0 0 0 0 0 0 0 0 0 0 0 0 
0 0 0 0 0 0 0 0 0 0 0 0 
0 0 0 0 0 0 0 0 0 0 0 0 


[2,1 :2:]  [2,0 :3:]  [1,0 :1:]  [1,1 :1:]  [1,2 :3:]  [0,2 :1:]  [0,3 :4:]  [1,3 :4:]  [2,3 :4:]  [3,3 :2:]  [3,2 :3:]  [2,2 :2:]  

====================================================================
# 39      3986 times. 
0 0 1 1 0 0 0 0 0 0 0 0 
1 1 1 1 0 0 0 0 0 0 0 0 
1 0 0 1 0 0 0 0 0 0 0 0 
1 1 1 1 0 0 0 0 0 0 0 0 
0 0 0 0 0 0 0 0 0 0 0 0 
0 0 0 0 0 0 0 0 0 0 0 0 
0 0 0 0 0 0 0 0 0 0 0 0 
0 0 0 0 0 0 0 0 0 0 0 0 
0 0 0 0 0 0 0 0 0 0 0 0 
0 0 0 0 0 0 0 0 0 0 0 0 
0 0 0 0 0 0 0 0 0 0 0 0 
0 0 0 0 0 0 0 0 0 0 0 0 


[3,0 :3:]  [2,0 :3:]  [1,0 :1:]  [1,1 :1:]  [1,2 :3:]  [0,2 :1:]  [0,3 :4:]  [1,3 :4:]  [2,3 :4:]  [3,3 :2:]  [3,2 :2:]  [3,1 :2:]  

====================================================================
# 40      2894 times. 
1 1 1 1 0 0 0 0 0 0 0 0 
1 1 1 1 0 0 0 0 0 0 0 0 
1 1 1 1 0 0 0 0 0 0 0 0 
0 0 0 0 0 0 0 0 0 0 0 0 
0 0 0 0 0 0 0 0 0 0 0 0 
0 0 0 0 0 0 0 0 0 0 0 0 
0 0 0 0 0 0 0 0 0 0 0 0 
0 0 0 0 0 0 0 0 0 0 0 0 
0 0 0 0 0 0 0 0 0 0 0 0 
0 0 0 0 0 0 0 0 0 0 0 0 
0 0 0 0 0 0 0 0 0 0 0 0 
0 0 0 0 0 0 0 0 0 0 0 0 


[2,0 :3:]  [1,0 :3:]  [0,0 :1:]  [0,1 :4:]  [1,1 :1:]  [1,2 :3:]  [0,2 :1:]  [0,3 :4:]  [1,3 :4:]  [2,3 :2:]  [2,2 :2:]  [2,1 :2:]  

====================================================================
# 41      3779 times. 
0 1 1 0 0 0 0 0 0 0 0 0 
1 1 1 1 0 0 0 0 0 0 0 0 
1 0 0 1 0 0 0 0 0 0 0 0 
1 1 1 1 0 0 0 0 0 0 0 0 
0 0 0 0 0 0 0 0 0 0 0 0 
0 0 0 0 0 0 0 0 0 0 0 0 
0 0 0 0 0 0 0 0 0 0 0 0 
0 0 0 0 0 0 0 0 0 0 0 0 
0 0 0 0 0 0 0 0 0 0 0 0 
0 0 0 0 0 0 0 0 0 0 0 0 
0 0 0 0 0 0 0 0 0 0 0 0 
0 0 0 0 0 0 0 0 0 0 0 0 


[3,0 :3:]  [2,0 :3:]  [1,0 :1:]  [1,1 :3:]  [0,1 :1:]  [0,2 :4:]  [1,2 :1:]  [1,3 :4:]  [2,3 :4:]  [3,3 :2:]  [3,2 :2:]  [3,1 :2:]  

====================================================================
# 42      3933 times. 
0 1 1 1 0 0 0 0 0 0 0 0 
1 1 0 1 0 0 0 0 0 0 0 0 
1 0 0 1 0 0 0 0 0 0 0 0 
1 1 1 1 0 0 0 0 0 0 0 0 
0 0 0 0 0 0 0 0 0 0 0 0 
0 0 0 0 0 0 0 0 0 0 0 0 
0 0 0 0 0 0 0 0 0 0 0 0 
0 0 0 0 0 0 0 0 0 0 0 0 
0 0 0 0 0 0 0 0 0 0 0 0 
0 0 0 0 0 0 0 0 0 0 0 0 
0 0 0 0 0 0 0 0 0 0 0 0 
0 0 0 0 0 0 0 0 0 0 0 0 


[3,0 :3:]  [2,0 :3:]  [1,0 :1:]  [1,1 :3:]  [0,1 :1:]  [0,2 :1:]  [0,3 :4:]  [1,3 :4:]  [2,3 :4:]  [3,3 :2:]  [3,2 :2:]  [3,1 :2:]  

====================================================================
# 43      3309 times. 
0 1 1 1 0 0 0 0 0 0 0 0 
1 1 0 1 0 0 0 0 0 0 0 0 
1 1 1 1 0 0 0 0 0 0 0 0 
1 1 0 0 0 0 0 0 0 0 0 0 
0 0 0 0 0 0 0 0 0 0 0 0 
0 0 0 0 0 0 0 0 0 0 0 0 
0 0 0 0 0 0 0 0 0 0 0 0 
0 0 0 0 0 0 0 0 0 0 0 0 
0 0 0 0 0 0 0 0 0 0 0 0 
0 0 0 0 0 0 0 0 0 0 0 0 
0 0 0 0 0 0 0 0 0 0 0 0 
0 0 0 0 0 0 0 0 0 0 0 0 


[3,0 :3:]  [2,0 :3:]  [1,0 :1:]  [1,1 :3:]  [0,1 :1:]  [0,2 :1:]  [0,3 :4:]  [1,3 :4:]  [2,3 :2:]  [2,2 :2:]  [2,1 :4:]  [3,1 :2:]  

====================================================================
# 44      2838 times. 
0 0 1 1 0 0 0 0 0 0 0 0 
1 1 1 1 0 0 0 0 0 0 0 0 
1 1 1 1 0 0 0 0 0 0 0 0 
1 1 0 0 0 0 0 0 0 0 0 0 
0 0 0 0 0 0 0 0 0 0 0 0 
0 0 0 0 0 0 0 0 0 0 0 0 
0 0 0 0 0 0 0 0 0 0 0 0 
0 0 0 0 0 0 0 0 0 0 0 0 
0 0 0 0 0 0 0 0 0 0 0 0 
0 0 0 0 0 0 0 0 0 0 0 0 
0 0 0 0 0 0 0 0 0 0 0 0 
0 0 0 0 0 0 0 0 0 0 0 0 


[3,0 :3:]  [2,0 :3:]  [1,0 :1:]  [1,1 :1:]  [1,2 :3:]  [0,2 :1:]  [0,3 :4:]  [1,3 :4:]  [2,3 :2:]  [2,2 :2:]  [2,1 :4:]  [3,1 :2:]  

====================================================================
# 45      3204 times. 
0 0 1 1 0 0 0 0 0 0 0 0 
1 1 1 1 0 0 0 0 0 0 0 0 
1 0 1 1 0 0 0 0 0 0 0 0 
1 1 1 0 0 0 0 0 0 0 0 0 
0 0 0 0 0 0 0 0 0 0 0 0 
0 0 0 0 0 0 0 0 0 0 0 0 
0 0 0 0 0 0 0 0 0 0 0 0 
0 0 0 0 0 0 0 0 0 0 0 0 
0 0 0 0 0 0 0 0 0 0 0 0 
0 0 0 0 0 0 0 0 0 0 0 0 
0 0 0 0 0 0 0 0 0 0 0 0 
0 0 0 0 0 0 0 0 0 0 0 0 


[3,0 :3:]  [2,0 :3:]  [1,0 :1:]  [1,1 :1:]  [1,2 :3:]  [0,2 :1:]  [0,3 :4:]  [1,3 :4:]  [2,3 :2:]  [2,2 :4:]  [3,2 :2:]  [3,1 :2:]  

====================================================================
# 46      2925 times. 
0 0 1 1 0 0 0 0 0 0 0 0 
1 1 1 1 0 0 0 0 0 0 0 0 
1 1 1 1 0 0 0 0 0 0 0 0 
0 1 1 0 0 0 0 0 0 0 0 0 
0 0 0 0 0 0 0 0 0 0 0 0 
0 0 0 0 0 0 0 0 0 0 0 0 
0 0 0 0 0 0 0 0 0 0 0 0 
0 0 0 0 0 0 0 0 0 0 0 0 
0 0 0 0 0 0 0 0 0 0 0 0 
0 0 0 0 0 0 0 0 0 0 0 0 
0 0 0 0 0 0 0 0 0 0 0 0 
0 0 0 0 0 0 0 0 0 0 0 0 


[2,1 :2:]  [2,0 :3:]  [1,0 :1:]  [1,1 :1:]  [1,2 :3:]  [0,2 :1:]  [0,3 :4:]  [1,3 :4:]  [2,3 :2:]  [2,2 :4:]  [3,2 :2:]  [3,1 :3:]  

====================================================================
# 47      3151 times. 
0 1 1 1 0 0 0 0 0 0 0 0 
1 1 0 1 0 0 0 0 0 0 0 0 
1 1 1 1 0 0 0 0 0 0 0 0 
0 1 1 0 0 0 0 0 0 0 0 0 
0 0 0 0 0 0 0 0 0 0 0 0 
0 0 0 0 0 0 0 0 0 0 0 0 
0 0 0 0 0 0 0 0 0 0 0 0 
0 0 0 0 0 0 0 0 0 0 0 0 
0 0 0 0 0 0 0 0 0 0 0 0 
0 0 0 0 0 0 0 0 0 0 0 0 
0 0 0 0 0 0 0 0 0 0 0 0 
0 0 0 0 0 0 0 0 0 0 0 0 


[2,1 :2:]  [2,0 :3:]  [1,0 :1:]  [1,1 :3:]  [0,1 :1:]  [0,2 :1:]  [0,3 :4:]  [1,3 :4:]  [2,3 :2:]  [2,2 :4:]  [3,2 :2:]  [3,1 :3:]  

====================================================================
# 48      2790 times. 
0 1 1 1 0 0 0 0 0 0 0 0 
1 1 1 1 0 0 0 0 0 0 0 0 
1 1 1 0 0 0 0 0 0 0 0 0 
0 1 1 0 0 0 0 0 0 0 0 0 
0 0 0 0 0 0 0 0 0 0 0 0 
0 0 0 0 0 0 0 0 0 0 0 0 
0 0 0 0 0 0 0 0 0 0 0 0 
0 0 0 0 0 0 0 0 0 0 0 0 
0 0 0 0 0 0 0 0 0 0 0 0 
0 0 0 0 0 0 0 0 0 0 0 0 
0 0 0 0 0 0 0 0 0 0 0 0 
0 0 0 0 0 0 0 0 0 0 0 0 


[2,1 :2:]  [2,0 :3:]  [1,0 :1:]  [1,1 :3:]  [0,1 :1:]  [0,2 :1:]  [0,3 :4:]  [1,3 :2:]  [1,2 :4:]  [2,2 :4:]  [3,2 :2:]  [3,1 :3:]  

====================================================================
# 49      7710 times. 
0 1 1 1 0 0 0 0 0 0 0 0 
1 1 0 1 0 0 0 0 0 0 0 0 
1 1 0 1 0 0 0 0 0 0 0 0 
0 1 1 1 0 0 0 0 0 0 0 0 
0 0 0 0 0 0 0 0 0 0 0 0 
0 0 0 0 0 0 0 0 0 0 0 0 
0 0 0 0 0 0 0 0 0 0 0 0 
0 0 0 0 0 0 0 0 0 0 0 0 
0 0 0 0 0 0 0 0 0 0 0 0 
0 0 0 0 0 0 0 0 0 0 0 0 
0 0 0 0 0 0 0 0 0 0 0 0 
0 0 0 0 0 0 0 0 0 0 0 0 


[2,1 :2:]  [2,0 :3:]  [1,0 :1:]  [1,1 :3:]  [0,1 :1:]  [0,2 :1:]  [0,3 :4:]  [1,3 :4:]  [2,3 :4:]  [3,3 :2:]  [3,2 :2:]  [3,1 :3:]  

====================================================================
# 50      3060 times. 
0 1 1 0 0 0 0 0 0 0 0 0 
1 1 1 0 0 0 0 0 0 0 0 0 
1 1 1 1 0 0 0 0 0 0 0 0 
0 1 1 1 0 0 0 0 0 0 0 0 
0 0 0 0 0 0 0 0 0 0 0 0 
0 0 0 0 0 0 0 0 0 0 0 0 
0 0 0 0 0 0 0 0 0 0 0 0 
0 0 0 0 0 0 0 0 0 0 0 0 
0 0 0 0 0 0 0 0 0 0 0 0 
0 0 0 0 0 0 0 0 0 0 0 0 
0 0 0 0 0 0 0 0 0 0 0 0 
0 0 0 0 0 0 0 0 0 0 0 0 


[2,1 :2:]  [2,0 :3:]  [1,0 :1:]  [1,1 :3:]  [0,1 :1:]  [0,2 :4:]  [1,2 :4:]  [2,2 :1:]  [2,3 :4:]  [3,3 :2:]  [3,2 :2:]  [3,1 :3:]  

====================================================================
# 51      4480 times. 
1 1 1 0 0 0 0 0 0 0 0 0 
1 0 1 0 0 0 0 0 0 0 0 0 
1 0 1 0 0 0 0 0 0 0 0 0 
1 0 1 0 0 0 0 0 0 0 0 0 
1 1 1 0 0 0 0 0 0 0 0 0 
0 0 0 0 0 0 0 0 0 0 0 0 
0 0 0 0 0 0 0 0 0 0 0 0 
0 0 0 0 0 0 0 0 0 0 0 0 
0 0 0 0 0 0 0 0 0 0 0 0 
0 0 0 0 0 0 0 0 0 0 0 0 
0 0 0 0 0 0 0 0 0 0 0 0 
0 0 0 0 0 0 0 0 0 0 0 0 


[4,0 :3:]  [3,0 :3:]  [2,0 :3:]  [1,0 :3:]  [0,0 :1:]  [0,1 :1:]  [0,2 :4:]  [1,2 :4:]  [2,2 :4:]  [3,2 :4:]  [4,2 :2:]  [4,1 :2:]  

====================================================================
# 52      3781 times. 
1 1 1 0 0 0 0 0 0 0 0 0 
1 0 1 0 0 0 0 0 0 0 0 0 
1 1 1 0 0 0 0 0 0 0 0 0 
1 1 0 0 0 0 0 0 0 0 0 0 
1 1 0 0 0 0 0 0 0 0 0 0 
0 0 0 0 0 0 0 0 0 0 0 0 
0 0 0 0 0 0 0 0 0 0 0 0 
0 0 0 0 0 0 0 0 0 0 0 0 
0 0 0 0 0 0 0 0 0 0 0 0 
0 0 0 0 0 0 0 0 0 0 0 0 
0 0 0 0 0 0 0 0 0 0 0 0 
0 0 0 0 0 0 0 0 0 0 0 0 


[4,0 :3:]  [3,0 :3:]  [2,0 :3:]  [1,0 :3:]  [0,0 :1:]  [0,1 :1:]  [0,2 :4:]  [1,2 :4:]  [2,2 :2:]  [2,1 :4:]  [3,1 :4:]  [4,1 :2:]  

====================================================================
# 53      3107 times. 
1 1 0 0 0 0 0 0 0 0 0 0 
1 1 1 0 0 0 0 0 0 0 0 0 
1 1 1 0 0 0 0 0 0 0 0 0 
1 1 0 0 0 0 0 0 0 0 0 0 
1 1 0 0 0 0 0 0 0 0 0 0 
0 0 0 0 0 0 0 0 0 0 0 0 
0 0 0 0 0 0 0 0 0 0 0 0 
0 0 0 0 0 0 0 0 0 0 0 0 
0 0 0 0 0 0 0 0 0 0 0 0 
0 0 0 0 0 0 0 0 0 0 0 0 
0 0 0 0 0 0 0 0 0 0 0 0 
0 0 0 0 0 0 0 0 0 0 0 0 


[4,0 :3:]  [3,0 :3:]  [2,0 :3:]  [1,0 :3:]  [0,0 :1:]  [0,1 :4:]  [1,1 :1:]  [1,2 :4:]  [2,2 :2:]  [2,1 :4:]  [3,1 :4:]  [4,1 :2:]  

====================================================================
# 54      3952 times. 
1 1 0 0 0 0 0 0 0 0 0 0 
1 1 1 0 0 0 0 0 0 0 0 0 
1 0 1 0 0 0 0 0 0 0 0 0 
1 0 1 0 0 0 0 0 0 0 0 0 
1 1 1 0 0 0 0 0 0 0 0 0 
0 0 0 0 0 0 0 0 0 0 0 0 
0 0 0 0 0 0 0 0 0 0 0 0 
0 0 0 0 0 0 0 0 0 0 0 0 
0 0 0 0 0 0 0 0 0 0 0 0 
0 0 0 0 0 0 0 0 0 0 0 0 
0 0 0 0 0 0 0 0 0 0 0 0 
0 0 0 0 0 0 0 0 0 0 0 0 


[4,0 :3:]  [3,0 :3:]  [2,0 :3:]  [1,0 :3:]  [0,0 :1:]  [0,1 :4:]  [1,1 :1:]  [1,2 :4:]  [2,2 :4:]  [3,2 :4:]  [4,2 :2:]  [4,1 :2:]  

====================================================================
# 55      3456 times. 
1 1 0 0 0 0 0 0 0 0 0 0 
1 1 1 0 0 0 0 0 0 0 0 0 
1 0 1 0 0 0 0 0 0 0 0 0 
1 1 1 0 0 0 0 0 0 0 0 0 
1 1 0 0 0 0 0 0 0 0 0 0 
0 0 0 0 0 0 0 0 0 0 0 0 
0 0 0 0 0 0 0 0 0 0 0 0 
0 0 0 0 0 0 0 0 0 0 0 0 
0 0 0 0 0 0 0 0 0 0 0 0 
0 0 0 0 0 0 0 0 0 0 0 0 
0 0 0 0 0 0 0 0 0 0 0 0 
0 0 0 0 0 0 0 0 0 0 0 0 


[4,0 :3:]  [3,0 :3:]  [2,0 :3:]  [1,0 :3:]  [0,0 :1:]  [0,1 :4:]  [1,1 :1:]  [1,2 :4:]  [2,2 :4:]  [3,2 :2:]  [3,1 :4:]  [4,1 :2:]  

====================================================================
# 56      3123 times. 
1 1 0 0 0 0 0 0 0 0 0 0 
1 1 0 0 0 0 0 0 0 0 0 0 
1 1 1 0 0 0 0 0 0 0 0 0 
1 1 1 0 0 0 0 0 0 0 0 0 
1 1 0 0 0 0 0 0 0 0 0 0 
0 0 0 0 0 0 0 0 0 0 0 0 
0 0 0 0 0 0 0 0 0 0 0 0 
0 0 0 0 0 0 0 0 0 0 0 0 
0 0 0 0 0 0 0 0 0 0 0 0 
0 0 0 0 0 0 0 0 0 0 0 0 
0 0 0 0 0 0 0 0 0 0 0 0 
0 0 0 0 0 0 0 0 0 0 0 0 


[4,0 :3:]  [3,0 :3:]  [2,0 :3:]  [1,0 :3:]  [0,0 :1:]  [0,1 :4:]  [1,1 :4:]  [2,1 :1:]  [2,2 :4:]  [3,2 :2:]  [3,1 :4:]  [4,1 :2:]  

====================================================================
# 57      3988 times. 
1 1 1 0 0 0 0 0 0 0 0 0 
1 0 1 0 0 0 0 0 0 0 0 0 
1 0 1 0 0 0 0 0 0 0 0 0 
1 1 1 0 0 0 0 0 0 0 0 0 
1 1 0 0 0 0 0 0 0 0 0 0 
0 0 0 0 0 0 0 0 0 0 0 0 
0 0 0 0 0 0 0 0 0 0 0 0 
0 0 0 0 0 0 0 0 0 0 0 0 
0 0 0 0 0 0 0 0 0 0 0 0 
0 0 0 0 0 0 0 0 0 0 0 0 
0 0 0 0 0 0 0 0 0 0 0 0 
0 0 0 0 0 0 0 0 0 0 0 0 


[4,0 :3:]  [3,0 :3:]  [2,0 :3:]  [1,0 :3:]  [0,0 :1:]  [0,1 :1:]  [0,2 :4:]  [1,2 :4:]  [2,2 :4:]  [3,2 :2:]  [3,1 :4:]  [4,1 :2:]  

====================================================================
# 58      3315 times. 
0 1 1 0 0 0 0 0 0 0 0 0 
1 1 1 0 0 0 0 0 0 0 0 0 
1 0 1 0 0 0 0 0 0 0 0 0 
1 1 1 0 0 0 0 0 0 0 0 0 
1 1 0 0 0 0 0 0 0 0 0 0 
0 0 0 0 0 0 0 0 0 0 0 0 
0 0 0 0 0 0 0 0 0 0 0 0 
0 0 0 0 0 0 0 0 0 0 0 0 
0 0 0 0 0 0 0 0 0 0 0 0 
0 0 0 0 0 0 0 0 0 0 0 0 
0 0 0 0 0 0 0 0 0 0 0 0 
0 0 0 0 0 0 0 0 0 0 0 0 


[4,0 :3:]  [3,0 :3:]  [2,0 :3:]  [1,0 :1:]  [1,1 :3:]  [0,1 :1:]  [0,2 :4:]  [1,2 :4:]  [2,2 :4:]  [3,2 :2:]  [3,1 :4:]  [4,1 :2:]  

====================================================================
# 59      3007 times. 
0 1 1 0 0 0 0 0 0 0 0 0 
0 1 1 0 0 0 0 0 0 0 0 0 
1 1 1 0 0 0 0 0 0 0 0 0 
1 1 1 0 0 0 0 0 0 0 0 0 
1 1 0 0 0 0 0 0 0 0 0 0 
0 0 0 0 0 0 0 0 0 0 0 0 
0 0 0 0 0 0 0 0 0 0 0 0 
0 0 0 0 0 0 0 0 0 0 0 0 
0 0 0 0 0 0 0 0 0 0 0 0 
0 0 0 0 0 0 0 0 0 0 0 0 
0 0 0 0 0 0 0 0 0 0 0 0 
0 0 0 0 0 0 0 0 0 0 0 0 


[4,0 :3:]  [3,0 :3:]  [2,0 :1:]  [2,1 :3:]  [1,1 :3:]  [0,1 :1:]  [0,2 :4:]  [1,2 :4:]  [2,2 :4:]  [3,2 :2:]  [3,1 :4:]  [4,1 :2:]  

====================================================================
# 60      3594 times. 
0 1 1 0 0 0 0 0 0 0 0 0 
0 1 1 0 0 0 0 0 0 0 0 0 
1 1 1 0 0 0 0 0 0 0 0 0 
1 0 1 0 0 0 0 0 0 0 0 0 
1 1 1 0 0 0 0 0 0 0 0 0 
0 0 0 0 0 0 0 0 0 0 0 0 
0 0 0 0 0 0 0 0 0 0 0 0 
0 0 0 0 0 0 0 0 0 0 0 0 
0 0 0 0 0 0 0 0 0 0 0 0 
0 0 0 0 0 0 0 0 0 0 0 0 
0 0 0 0 0 0 0 0 0 0 0 0 
0 0 0 0 0 0 0 0 0 0 0 0 


[4,0 :3:]  [3,0 :3:]  [2,0 :1:]  [2,1 :3:]  [1,1 :3:]  [0,1 :1:]  [0,2 :4:]  [1,2 :4:]  [2,2 :4:]  [3,2 :4:]  [4,2 :2:]  [4,1 :2:]  

====================================================================
# 61      2910 times. 
0 1 1 0 0 0 0 0 0 0 0 0 
0 1 1 0 0 0 0 0 0 0 0 0 
1 1 1 0 0 0 0 0 0 0 0 0 
1 1 1 0 0 0 0 0 0 0 0 0 
0 1 1 0 0 0 0 0 0 0 0 0 
0 0 0 0 0 0 0 0 0 0 0 0 
0 0 0 0 0 0 0 0 0 0 0 0 
0 0 0 0 0 0 0 0 0 0 0 0 
0 0 0 0 0 0 0 0 0 0 0 0 
0 0 0 0 0 0 0 0 0 0 0 0 
0 0 0 0 0 0 0 0 0 0 0 0 
0 0 0 0 0 0 0 0 0 0 0 0 


[3,1 :2:]  [3,0 :3:]  [2,0 :1:]  [2,1 :3:]  [1,1 :3:]  [0,1 :1:]  [0,2 :4:]  [1,2 :4:]  [2,2 :4:]  [3,2 :4:]  [4,2 :2:]  [4,1 :3:]  

====================================================================
# 62      8401 times. 
0 1 1 0 0 0 0 0 0 0 0 0 
1 1 1 0 0 0 0 0 0 0 0 0 
1 0 1 0 0 0 0 0 0 0 0 0 
1 1 1 0 0 0 0 0 0 0 0 0 
0 1 1 0 0 0 0 0 0 0 0 0 
0 0 0 0 0 0 0 0 0 0 0 0 
0 0 0 0 0 0 0 0 0 0 0 0 
0 0 0 0 0 0 0 0 0 0 0 0 
0 0 0 0 0 0 0 0 0 0 0 0 
0 0 0 0 0 0 0 0 0 0 0 0 
0 0 0 0 0 0 0 0 0 0 0 0 
0 0 0 0 0 0 0 0 0 0 0 0 


[3,1 :2:]  [3,0 :3:]  [2,0 :3:]  [1,0 :1:]  [1,1 :3:]  [0,1 :1:]  [0,2 :4:]  [1,2 :4:]  [2,2 :4:]  [3,2 :4:]  [4,2 :2:]  [4,1 :3:]  

====================================================================
# 63      3697 times. 
1 1 1 0 0 0 0 0 0 0 0 0 
1 0 1 0 0 0 0 0 0 0 0 0 
1 0 1 0 0 0 0 0 0 0 0 0 
1 1 1 0 0 0 0 0 0 0 0 0 
0 1 1 0 0 0 0 0 0 0 0 0 
0 0 0 0 0 0 0 0 0 0 0 0 
0 0 0 0 0 0 0 0 0 0 0 0 
0 0 0 0 0 0 0 0 0 0 0 0 
0 0 0 0 0 0 0 0 0 0 0 0 
0 0 0 0 0 0 0 0 0 0 0 0 
0 0 0 0 0 0 0 0 0 0 0 0 
0 0 0 0 0 0 0 0 0 0 0 0 


[3,1 :2:]  [3,0 :3:]  [2,0 :3:]  [1,0 :3:]  [0,0 :1:]  [0,1 :1:]  [0,2 :4:]  [1,2 :4:]  [2,2 :4:]  [3,2 :4:]  [4,2 :2:]  [4,1 :3:]  

====================================================================
# 64      3518 times. 
1 1 0 0 0 0 0 0 0 0 0 0 
1 1 1 0 0 0 0 0 0 0 0 0 
1 0 1 0 0 0 0 0 0 0 0 0 
1 1 1 0 0 0 0 0 0 0 0 0 
0 1 1 0 0 0 0 0 0 0 0 0 
0 0 0 0 0 0 0 0 0 0 0 0 
0 0 0 0 0 0 0 0 0 0 0 0 
0 0 0 0 0 0 0 0 0 0 0 0 
0 0 0 0 0 0 0 0 0 0 0 0 
0 0 0 0 0 0 0 0 0 0 0 0 
0 0 0 0 0 0 0 0 0 0 0 0 
0 0 0 0 0 0 0 0 0 0 0 0 


[3,1 :2:]  [3,0 :3:]  [2,0 :3:]  [1,0 :3:]  [0,0 :1:]  [0,1 :4:]  [1,1 :1:]  [1,2 :4:]  [2,2 :4:]  [3,2 :4:]  [4,2 :2:]  [4,1 :3:]  

====================================================================
# 65      2960 times. 
1 1 0 0 0 0 0 0 0 0 0 0 
1 1 0 0 0 0 0 0 0 0 0 0 
1 1 1 0 0 0 0 0 0 0 0 0 
1 1 1 0 0 0 0 0 0 0 0 0 
0 1 1 0 0 0 0 0 0 0 0 0 
0 0 0 0 0 0 0 0 0 0 0 0 
0 0 0 0 0 0 0 0 0 0 0 0 
0 0 0 0 0 0 0 0 0 0 0 0 
0 0 0 0 0 0 0 0 0 0 0 0 
0 0 0 0 0 0 0 0 0 0 0 0 
0 0 0 0 0 0 0 0 0 0 0 0 
0 0 0 0 0 0 0 0 0 0 0 0 


[3,1 :2:]  [3,0 :3:]  [2,0 :3:]  [1,0 :3:]  [0,0 :1:]  [0,1 :4:]  [1,1 :4:]  [2,1 :1:]  [2,2 :4:]  [3,2 :4:]  [4,2 :2:]  [4,1 :3:]  

====================================================================
# 66      3372 times. 
1 1 0 0 0 0 0 0 0 0 0 0 
1 1 0 0 0 0 0 0 0 0 0 0 
1 1 1 0 0 0 0 0 0 0 0 0 
1 0 1 0 0 0 0 0 0 0 0 0 
1 1 1 0 0 0 0 0 0 0 0 0 
0 0 0 0 0 0 0 0 0 0 0 0 
0 0 0 0 0 0 0 0 0 0 0 0 
0 0 0 0 0 0 0 0 0 0 0 0 
0 0 0 0 0 0 0 0 0 0 0 0 
0 0 0 0 0 0 0 0 0 0 0 0 
0 0 0 0 0 0 0 0 0 0 0 0 
0 0 0 0 0 0 0 0 0 0 0 0 


[4,0 :3:]  [3,0 :3:]  [2,0 :3:]  [1,0 :3:]  [0,0 :1:]  [0,1 :4:]  [1,1 :4:]  [2,1 :1:]  [2,2 :4:]  [3,2 :4:]  [4,2 :2:]  [4,1 :2:]  

====================================================================
# 67      3737 times. 
1 1 0 0 0 0 0 0 0 0 0 0 
1 1 0 0 0 0 0 0 0 0 0 0 
1 1 0 0 0 0 0 0 0 0 0 0 
1 1 1 0 0 0 0 0 0 0 0 0 
1 1 1 0 0 0 0 0 0 0 0 0 
0 0 0 0 0 0 0 0 0 0 0 0 
0 0 0 0 0 0 0 0 0 0 0 0 
0 0 0 0 0 0 0 0 0 0 0 0 
0 0 0 0 0 0 0 0 0 0 0 0 
0 0 0 0 0 0 0 0 0 0 0 0 
0 0 0 0 0 0 0 0 0 0 0 0 
0 0 0 0 0 0 0 0 0 0 0 0 


[4,0 :3:]  [3,0 :3:]  [2,0 :3:]  [1,0 :3:]  [0,0 :1:]  [0,1 :4:]  [1,1 :4:]  [2,1 :4:]  [3,1 :1:]  [3,2 :4:]  [4,2 :2:]  [4,1 :2:]  

====================================================================
# 68      4603 times. 
1 1 1 1 1 0 0 0 0 0 0 0 
1 0 0 0 1 0 0 0 0 0 0 0 
1 1 1 1 1 0 0 0 0 0 0 0 
0 0 0 0 0 0 0 0 0 0 0 0 
0 0 0 0 0 0 0 0 0 0 0 0 
0 0 0 0 0 0 0 0 0 0 0 0 
0 0 0 0 0 0 0 0 0 0 0 0 
0 0 0 0 0 0 0 0 0 0 0 0 
0 0 0 0 0 0 0 0 0 0 0 0 
0 0 0 0 0 0 0 0 0 0 0 0 
0 0 0 0 0 0 0 0 0 0 0 0 
0 0 0 0 0 0 0 0 0 0 0 0 


[2,0 :3:]  [1,0 :3:]  [0,0 :1:]  [0,1 :1:]  [0,2 :1:]  [0,3 :1:]  [0,4 :4:]  [1,4 :4:]  [2,4 :2:]  [2,3 :2:]  [2,2 :2:]  [2,1 :2:]  

====================================================================
# 69      4169 times. 
1 1 1 0 0 0 0 0 0 0 0 0 
1 0 1 1 1 0 0 0 0 0 0 0 
1 1 1 1 1 0 0 0 0 0 0 0 
0 0 0 0 0 0 0 0 0 0 0 0 
0 0 0 0 0 0 0 0 0 0 0 0 
0 0 0 0 0 0 0 0 0 0 0 0 
0 0 0 0 0 0 0 0 0 0 0 0 
0 0 0 0 0 0 0 0 0 0 0 0 
0 0 0 0 0 0 0 0 0 0 0 0 
0 0 0 0 0 0 0 0 0 0 0 0 
0 0 0 0 0 0 0 0 0 0 0 0 
0 0 0 0 0 0 0 0 0 0 0 0 


[2,0 :3:]  [1,0 :3:]  [0,0 :1:]  [0,1 :1:]  [0,2 :4:]  [1,2 :1:]  [1,3 :1:]  [1,4 :4:]  [2,4 :2:]  [2,3 :2:]  [2,2 :2:]  [2,1 :2:]  

====================================================================
# 70      3269 times. 
1 1 0 0 0 0 0 0 0 0 0 0 
1 1 1 1 1 0 0 0 0 0 0 0 
1 1 1 1 1 0 0 0 0 0 0 0 
0 0 0 0 0 0 0 0 0 0 0 0 
0 0 0 0 0 0 0 0 0 0 0 0 
0 0 0 0 0 0 0 0 0 0 0 0 
0 0 0 0 0 0 0 0 0 0 0 0 
0 0 0 0 0 0 0 0 0 0 0 0 
0 0 0 0 0 0 0 0 0 0 0 0 
0 0 0 0 0 0 0 0 0 0 0 0 
0 0 0 0 0 0 0 0 0 0 0 0 
0 0 0 0 0 0 0 0 0 0 0 0 


[2,0 :3:]  [1,0 :3:]  [0,0 :1:]  [0,1 :4:]  [1,1 :1:]  [1,2 :1:]  [1,3 :1:]  [1,4 :4:]  [2,4 :2:]  [2,3 :2:]  [2,2 :2:]  [2,1 :2:]  

====================================================================
# 71      3590 times. 
1 1 1 1 0 0 0 0 0 0 0 0 
1 0 0 1 1 0 0 0 0 0 0 0 
1 1 1 1 1 0 0 0 0 0 0 0 
0 0 0 0 0 0 0 0 0 0 0 0 
0 0 0 0 0 0 0 0 0 0 0 0 
0 0 0 0 0 0 0 0 0 0 0 0 
0 0 0 0 0 0 0 0 0 0 0 0 
0 0 0 0 0 0 0 0 0 0 0 0 
0 0 0 0 0 0 0 0 0 0 0 0 
0 0 0 0 0 0 0 0 0 0 0 0 
0 0 0 0 0 0 0 0 0 0 0 0 
0 0 0 0 0 0 0 0 0 0 0 0 


[2,0 :3:]  [1,0 :3:]  [0,0 :1:]  [0,1 :1:]  [0,2 :1:]  [0,3 :4:]  [1,3 :1:]  [1,4 :4:]  [2,4 :2:]  [2,3 :2:]  [2,2 :2:]  [2,1 :2:]  

====================================================================
# 72      2600 times. 
1 1 1 1 0 0 0 0 0 0 0 0 
1 1 1 1 1 0 0 0 0 0 0 0 
0 0 1 1 1 0 0 0 0 0 0 0 
0 0 0 0 0 0 0 0 0 0 0 0 
0 0 0 0 0 0 0 0 0 0 0 0 
0 0 0 0 0 0 0 0 0 0 0 0 
0 0 0 0 0 0 0 0 0 0 0 0 
0 0 0 0 0 0 0 0 0 0 0 0 
0 0 0 0 0 0 0 0 0 0 0 0 
0 0 0 0 0 0 0 0 0 0 0 0 
0 0 0 0 0 0 0 0 0 0 0 0 
0 0 0 0 0 0 0 0 0 0 0 0 


[1,1 :2:]  [1,0 :3:]  [0,0 :1:]  [0,1 :1:]  [0,2 :1:]  [0,3 :4:]  [1,3 :1:]  [1,4 :4:]  [2,4 :2:]  [2,3 :2:]  [2,2 :3:]  [1,2 :2:]  

====================================================================
# 73      3142 times. 
1 1 1 1 1 0 0 0 0 0 0 0 
1 1 1 0 1 0 0 0 0 0 0 0 
0 0 1 1 1 0 0 0 0 0 0 0 
0 0 0 0 0 0 0 0 0 0 0 0 
0 0 0 0 0 0 0 0 0 0 0 0 
0 0 0 0 0 0 0 0 0 0 0 0 
0 0 0 0 0 0 0 0 0 0 0 0 
0 0 0 0 0 0 0 0 0 0 0 0 
0 0 0 0 0 0 0 0 0 0 0 0 
0 0 0 0 0 0 0 0 0 0 0 0 
0 0 0 0 0 0 0 0 0 0 0 0 
0 0 0 0 0 0 0 0 0 0 0 0 


[1,1 :2:]  [1,0 :3:]  [0,0 :1:]  [0,1 :1:]  [0,2 :1:]  [0,3 :1:]  [0,4 :4:]  [1,4 :4:]  [2,4 :2:]  [2,3 :2:]  [2,2 :3:]  [1,2 :2:]  

====================================================================
# 74      3141 times. 
1 1 1 1 1 0 0 0 0 0 0 0 
1 1 1 1 1 0 0 0 0 0 0 0 
0 0 0 1 1 0 0 0 0 0 0 0 
0 0 0 0 0 0 0 0 0 0 0 0 
0 0 0 0 0 0 0 0 0 0 0 0 
0 0 0 0 0 0 0 0 0 0 0 0 
0 0 0 0 0 0 0 0 0 0 0 0 
0 0 0 0 0 0 0 0 0 0 0 0 
0 0 0 0 0 0 0 0 0 0 0 0 
0 0 0 0 0 0 0 0 0 0 0 0 
0 0 0 0 0 0 0 0 0 0 0 0 
0 0 0 0 0 0 0 0 0 0 0 0 


[1,1 :2:]  [1,0 :3:]  [0,0 :1:]  [0,1 :1:]  [0,2 :1:]  [0,3 :1:]  [0,4 :4:]  [1,4 :4:]  [2,4 :2:]  [2,3 :3:]  [1,3 :2:]  [1,2 :2:]  

====================================================================
# 75      4778 times. 
1 1 1 1 1 0 0 0 0 0 0 0 
1 1 0 0 1 0 0 0 0 0 0 0 
0 1 1 1 1 0 0 0 0 0 0 0 
0 0 0 0 0 0 0 0 0 0 0 0 
0 0 0 0 0 0 0 0 0 0 0 0 
0 0 0 0 0 0 0 0 0 0 0 0 
0 0 0 0 0 0 0 0 0 0 0 0 
0 0 0 0 0 0 0 0 0 0 0 0 
0 0 0 0 0 0 0 0 0 0 0 0 
0 0 0 0 0 0 0 0 0 0 0 0 
0 0 0 0 0 0 0 0 0 0 0 0 
0 0 0 0 0 0 0 0 0 0 0 0 


[1,1 :2:]  [1,0 :3:]  [0,0 :1:]  [0,1 :1:]  [0,2 :1:]  [0,3 :1:]  [0,4 :4:]  [1,4 :4:]  [2,4 :2:]  [2,3 :2:]  [2,2 :2:]  [2,1 :3:]  

====================================================================
# 76      3084 times. 
1 1 1 1 0 0 0 0 0 0 0 0 
1 1 0 1 1 0 0 0 0 0 0 0 
0 1 1 1 1 0 0 0 0 0 0 0 
0 0 0 0 0 0 0 0 0 0 0 0 
0 0 0 0 0 0 0 0 0 0 0 0 
0 0 0 0 0 0 0 0 0 0 0 0 
0 0 0 0 0 0 0 0 0 0 0 0 
0 0 0 0 0 0 0 0 0 0 0 0 
0 0 0 0 0 0 0 0 0 0 0 0 
0 0 0 0 0 0 0 0 0 0 0 0 
0 0 0 0 0 0 0 0 0 0 0 0 
0 0 0 0 0 0 0 0 0 0 0 0 


[1,1 :2:]  [1,0 :3:]  [0,0 :1:]  [0,1 :1:]  [0,2 :1:]  [0,3 :4:]  [1,3 :1:]  [1,4 :4:]  [2,4 :2:]  [2,3 :2:]  [2,2 :2:]  [2,1 :3:]  

====================================================================
# 77      3218 times. 
1 1 1 0 0 0 0 0 0 0 0 0 
1 1 1 1 1 0 0 0 0 0 0 0 
0 1 1 1 1 0 0 0 0 0 0 0 
0 0 0 0 0 0 0 0 0 0 0 0 
0 0 0 0 0 0 0 0 0 0 0 0 
0 0 0 0 0 0 0 0 0 0 0 0 
0 0 0 0 0 0 0 0 0 0 0 0 
0 0 0 0 0 0 0 0 0 0 0 0 
0 0 0 0 0 0 0 0 0 0 0 0 
0 0 0 0 0 0 0 0 0 0 0 0 
0 0 0 0 0 0 0 0 0 0 0 0 
0 0 0 0 0 0 0 0 0 0 0 0 


[1,1 :2:]  [1,0 :3:]  [0,0 :1:]  [0,1 :1:]  [0,2 :4:]  [1,2 :1:]  [1,3 :1:]  [1,4 :4:]  [2,4 :2:]  [2,3 :2:]  [2,2 :2:]  [2,1 :3:]  

====================================================================
# 78      4154 times. 
1 1 1 1 1 1 0 0 0 0 0 0 
1 1 1 1 1 1 0 0 0 0 0 0 
0 0 0 0 0 0 0 0 0 0 0 0 
0 0 0 0 0 0 0 0 0 0 0 0 
0 0 0 0 0 0 0 0 0 0 0 0 
0 0 0 0 0 0 0 0 0 0 0 0 
0 0 0 0 0 0 0 0 0 0 0 0 
0 0 0 0 0 0 0 0 0 0 0 0 
0 0 0 0 0 0 0 0 0 0 0 0 
0 0 0 0 0 0 0 0 0 0 0 0 
0 0 0 0 0 0 0 0 0 0 0 0 
0 0 0 0 0 0 0 0 0 0 0 0 


[1,0 :3:]  [0,0 :1:]  [0,1 :1:]  [0,2 :1:]  [0,3 :1:]  [0,4 :1:]  [0,5 :4:]  [1,5 :2:]  [1,4 :2:]  [1,3 :2:]  [1,2 :2:]  [1,1 :2:]  

====================================================================
# 79      4242 times. 
1 1 0 0 0 0 0 0 0 0 0 0 
1 1 0 0 0 0 0 0 0 0 0 0 
1 1 0 0 0 0 0 0 0 0 0 0 
1 1 0 0 0 0 0 0 0 0 0 0 
1 1 0 0 0 0 0 0 0 0 0 0 
1 1 0 0 0 0 0 0 0 0 0 0 
0 0 0 0 0 0 0 0 0 0 0 0 
0 0 0 0 0 0 0 0 0 0 0 0 
0 0 0 0 0 0 0 0 0 0 0 0 
0 0 0 0 0 0 0 0 0 0 0 0 
0 0 0 0 0 0 0 0 0 0 0 0 
0 0 0 0 0 0 0 0 0 0 0 0 


[5,0 :3:]  [4,0 :3:]  [3,0 :3:]  [2,0 :3:]  [1,0 :3:]  [0,0 :1:]  [0,1 :4:]  [1,1 :4:]  [2,1 :4:]  [3,1 :4:]  [4,1 :4:]  [5,1 :2:]  

====================================================================
# 80      3518 times. 
0 1 1 0 0 0 0 0 0 0 0 0 
0 1 1 0 0 0 0 0 0 0 0 0 
0 1 1 0 0 0 0 0 0 0 0 0 
1 1 1 0 0 0 0 0 0 0 0 0 
1 1 1 0 0 0 0 0 0 0 0 0 
0 0 0 0 0 0 0 0 0 0 0 0 
0 0 0 0 0 0 0 0 0 0 0 0 
0 0 0 0 0 0 0 0 0 0 0 0 
0 0 0 0 0 0 0 0 0 0 0 0 
0 0 0 0 0 0 0 0 0 0 0 0 
0 0 0 0 0 0 0 0 0 0 0 0 
0 0 0 0 0 0 0 0 0 0 0 0 


[4,0 :3:]  [3,0 :1:]  [3,1 :3:]  [2,1 :3:]  [1,1 :3:]  [0,1 :1:]  [0,2 :4:]  [1,2 :4:]  [2,2 :4:]  [3,2 :4:]  [4,2 :2:]  [4,1 :2:]  

====================================================================
# 81      5462 times. 
0 1 1 0 0 0 0 0 0 0 0 0 
1 1 1 0 0 0 0 0 0 0 0 0 
1 0 1 0 0 0 0 0 0 0 0 0 
1 0 1 0 0 0 0 0 0 0 0 0 
1 1 1 0 0 0 0 0 0 0 0 0 
0 0 0 0 0 0 0 0 0 0 0 0 
0 0 0 0 0 0 0 0 0 0 0 0 
0 0 0 0 0 0 0 0 0 0 0 0 
0 0 0 0 0 0 0 0 0 0 0 0 
0 0 0 0 0 0 0 0 0 0 0 0 
0 0 0 0 0 0 0 0 0 0 0 0 
0 0 0 0 0 0 0 0 0 0 0 0 


[4,0 :3:]  [3,0 :3:]  [2,0 :3:]  [1,0 :1:]  [1,1 :3:]  [0,1 :1:]  [0,2 :4:]  [1,2 :4:]  [2,2 :4:]  [3,2 :4:]  [4,2 :2:]  [4,1 :2:]  

====================================================================
# 82      3385 times. 
0 1 1 0 0 0 0 0 0 0 0 0 
1 1 1 0 0 0 0 0 0 0 0 0 
1 1 1 0 0 0 0 0 0 0 0 0 
1 1 0 0 0 0 0 0 0 0 0 0 
1 1 0 0 0 0 0 0 0 0 0 0 
0 0 0 0 0 0 0 0 0 0 0 0 
0 0 0 0 0 0 0 0 0 0 0 0 
0 0 0 0 0 0 0 0 0 0 0 0 
0 0 0 0 0 0 0 0 0 0 0 0 
0 0 0 0 0 0 0 0 0 0 0 0 
0 0 0 0 0 0 0 0 0 0 0 0 
0 0 0 0 0 0 0 0 0 0 0 0 


[4,0 :3:]  [3,0 :3:]  [2,0 :3:]  [1,0 :1:]  [1,1 :3:]  [0,1 :1:]  [0,2 :4:]  [1,2 :4:]  [2,2 :2:]  [2,1 :4:]  [3,1 :4:]  [4,1 :2:]  

====================================================================
# 83      3821 times. 
1 1 1 1 0 0 0 0 0 0 0 0 
1 0 0 1 0 0 0 0 0 0 0 0 
1 1 0 1 0 0 0 0 0 0 0 0 
0 1 1 1 0 0 0 0 0 0 0 0 
0 0 0 0 0 0 0 0 0 0 0 0 
0 0 0 0 0 0 0 0 0 0 0 0 
0 0 0 0 0 0 0 0 0 0 0 0 
0 0 0 0 0 0 0 0 0 0 0 0 
0 0 0 0 0 0 0 0 0 0 0 0 
0 0 0 0 0 0 0 0 0 0 0 0 
0 0 0 0 0 0 0 0 0 0 0 0 
0 0 0 0 0 0 0 0 0 0 0 0 


[2,1 :2:]  [2,0 :3:]  [1,0 :3:]  [0,0 :1:]  [0,1 :1:]  [0,2 :1:]  [0,3 :4:]  [1,3 :4:]  [2,3 :4:]  [3,3 :2:]  [3,2 :2:]  [3,1 :3:]  

====================================================================
# 84      6130 times. 
0 0 1 1 0 0 0 0 0 0 0 0 
1 1 1 1 0 0 0 0 0 0 0 0 
1 1 0 1 0 0 0 0 0 0 0 0 
0 1 1 1 0 0 0 0 0 0 0 0 
0 0 0 0 0 0 0 0 0 0 0 0 
0 0 0 0 0 0 0 0 0 0 0 0 
0 0 0 0 0 0 0 0 0 0 0 0 
0 0 0 0 0 0 0 0 0 0 0 0 
0 0 0 0 0 0 0 0 0 0 0 0 
0 0 0 0 0 0 0 0 0 0 0 0 
0 0 0 0 0 0 0 0 0 0 0 0 
0 0 0 0 0 0 0 0 0 0 0 0 


[2,1 :2:]  [2,0 :3:]  [1,0 :1:]  [1,1 :1:]  [1,2 :3:]  [0,2 :1:]  [0,3 :4:]  [1,3 :4:]  [2,3 :4:]  [3,3 :2:]  [3,2 :2:]  [3,1 :3:]  

====================================================================
# 85      3033 times. 
0 1 1 1 0 0 0 0 0 0 0 0 
0 1 1 1 0 0 0 0 0 0 0 0 
1 1 1 0 0 0 0 0 0 0 0 0 
1 1 1 0 0 0 0 0 0 0 0 0 
0 0 0 0 0 0 0 0 0 0 0 0 
0 0 0 0 0 0 0 0 0 0 0 0 
0 0 0 0 0 0 0 0 0 0 0 0 
0 0 0 0 0 0 0 0 0 0 0 0 
0 0 0 0 0 0 0 0 0 0 0 0 
0 0 0 0 0 0 0 0 0 0 0 0 
0 0 0 0 0 0 0 0 0 0 0 0 
0 0 0 0 0 0 0 0 0 0 0 0 


[3,0 :3:]  [2,0 :1:]  [2,1 :3:]  [1,1 :3:]  [0,1 :1:]  [0,2 :1:]  [0,3 :4:]  [1,3 :2:]  [1,2 :4:]  [2,2 :4:]  [3,2 :2:]  [3,1 :2:]  

====================================================================
# 86      5275 times. 
0 1 1 1 0 0 0 0 0 0 0 0 
0 1 0 1 0 0 0 0 0 0 0 0 
1 1 0 1 0 0 0 0 0 0 0 0 
1 1 1 1 0 0 0 0 0 0 0 0 
0 0 0 0 0 0 0 0 0 0 0 0 
0 0 0 0 0 0 0 0 0 0 0 0 
0 0 0 0 0 0 0 0 0 0 0 0 
0 0 0 0 0 0 0 0 0 0 0 0 
0 0 0 0 0 0 0 0 0 0 0 0 
0 0 0 0 0 0 0 0 0 0 0 0 
0 0 0 0 0 0 0 0 0 0 0 0 
0 0 0 0 0 0 0 0 0 0 0 0 


[3,0 :3:]  [2,0 :1:]  [2,1 :3:]  [1,1 :3:]  [0,1 :1:]  [0,2 :1:]  [0,3 :4:]  [1,3 :4:]  [2,3 :4:]  [3,3 :2:]  [3,2 :2:]  [3,1 :2:]  

====================================================================
# 87      3378 times. 
0 1 1 1 0 0 0 0 0 0 0 0 
0 1 0 1 0 0 0 0 0 0 0 0 
1 1 1 1 0 0 0 0 0 0 0 0 
1 1 1 0 0 0 0 0 0 0 0 0 
0 0 0 0 0 0 0 0 0 0 0 0 
0 0 0 0 0 0 0 0 0 0 0 0 
0 0 0 0 0 0 0 0 0 0 0 0 
0 0 0 0 0 0 0 0 0 0 0 0 
0 0 0 0 0 0 0 0 0 0 0 0 
0 0 0 0 0 0 0 0 0 0 0 0 
0 0 0 0 0 0 0 0 0 0 0 0 
0 0 0 0 0 0 0 0 0 0 0 0 


[3,0 :3:]  [2,0 :1:]  [2,1 :3:]  [1,1 :3:]  [0,1 :1:]  [0,2 :1:]  [0,3 :4:]  [1,3 :4:]  [2,3 :2:]  [2,2 :4:]  [3,2 :2:]  [3,1 :2:]  

====================================================================
# 88      3052 times. 
0 0 1 1 0 0 0 0 0 0 0 0 
0 1 1 1 0 0 0 0 0 0 0 0 
1 1 1 1 0 0 0 0 0 0 0 0 
1 1 1 0 0 0 0 0 0 0 0 0 
0 0 0 0 0 0 0 0 0 0 0 0 
0 0 0 0 0 0 0 0 0 0 0 0 
0 0 0 0 0 0 0 0 0 0 0 0 
0 0 0 0 0 0 0 0 0 0 0 0 
0 0 0 0 0 0 0 0 0 0 0 0 
0 0 0 0 0 0 0 0 0 0 0 0 
0 0 0 0 0 0 0 0 0 0 0 0 
0 0 0 0 0 0 0 0 0 0 0 0 


[3,0 :3:]  [2,0 :1:]  [2,1 :3:]  [1,1 :1:]  [1,2 :3:]  [0,2 :1:]  [0,3 :4:]  [1,3 :4:]  [2,3 :2:]  [2,2 :4:]  [3,2 :2:]  [3,1 :2:]  

====================================================================
# 89      3485 times. 
0 0 1 1 0 0 0 0 0 0 0 0 
0 1 1 1 0 0 0 0 0 0 0 0 
1 1 0 1 0 0 0 0 0 0 0 0 
1 1 1 1 0 0 0 0 0 0 0 0 
0 0 0 0 0 0 0 0 0 0 0 0 
0 0 0 0 0 0 0 0 0 0 0 0 
0 0 0 0 0 0 0 0 0 0 0 0 
0 0 0 0 0 0 0 0 0 0 0 0 
0 0 0 0 0 0 0 0 0 0 0 0 
0 0 0 0 0 0 0 0 0 0 0 0 
0 0 0 0 0 0 0 0 0 0 0 0 
0 0 0 0 0 0 0 0 0 0 0 0 


[3,0 :3:]  [2,0 :1:]  [2,1 :3:]  [1,1 :1:]  [1,2 :3:]  [0,2 :1:]  [0,3 :4:]  [1,3 :4:]  [2,3 :4:]  [3,3 :2:]  [3,2 :2:]  [3,1 :2:]  

====================================================================
# 90      5453 times. 
0 0 1 1 0 0 0 0 0 0 0 0 
0 0 1 1 0 0 0 0 0 0 0 0 
1 1 1 1 0 0 0 0 0 0 0 0 
1 1 1 1 0 0 0 0 0 0 0 0 
0 0 0 0 0 0 0 0 0 0 0 0 
0 0 0 0 0 0 0 0 0 0 0 0 
0 0 0 0 0 0 0 0 0 0 0 0 
0 0 0 0 0 0 0 0 0 0 0 0 
0 0 0 0 0 0 0 0 0 0 0 0 
0 0 0 0 0 0 0 0 0 0 0 0 
0 0 0 0 0 0 0 0 0 0 0 0 
0 0 0 0 0 0 0 0 0 0 0 0 


[3,0 :3:]  [2,0 :1:]  [2,1 :1:]  [2,2 :3:]  [1,2 :3:]  [0,2 :1:]  [0,3 :4:]  [1,3 :4:]  [2,3 :4:]  [3,3 :2:]  [3,2 :2:]  [3,1 :2:]  

====================================================================
# 91      10102 times. 
1 1 0 0 0 0 0 0 0 0 0 0 
1 1 0 0 0 0 0 0 0 0 0 0 
1 1 1 1 0 0 0 0 0 0 0 0 
1 1 1 1 0 0 0 0 0 0 0 0 
0 0 0 0 0 0 0 0 0 0 0 0 
0 0 0 0 0 0 0 0 0 0 0 0 
0 0 0 0 0 0 0 0 0 0 0 0 
0 0 0 0 0 0 0 0 0 0 0 0 
0 0 0 0 0 0 0 0 0 0 0 0 
0 0 0 0 0 0 0 0 0 0 0 0 
0 0 0 0 0 0 0 0 0 0 0 0 
0 0 0 0 0 0 0 0 0 0 0 0 


[3,0 :3:]  [2,0 :3:]  [1,0 :3:]  [0,0 :1:]  [0,1 :4:]  [1,1 :4:]  [2,1 :1:]  [2,2 :1:]  [2,3 :4:]  [3,3 :2:]  [3,2 :2:]  [3,1 :2:]  

====================================================================
# 92      3088 times. 
1 1 1 1 0 0 0 0 0 0 0 0 
1 1 0 1 0 0 0 0 0 0 0 0 
0 1 1 1 0 0 0 0 0 0 0 0 
0 1 1 0 0 0 0 0 0 0 0 0 
0 0 0 0 0 0 0 0 0 0 0 0 
0 0 0 0 0 0 0 0 0 0 0 0 
0 0 0 0 0 0 0 0 0 0 0 0 
0 0 0 0 0 0 0 0 0 0 0 0 
0 0 0 0 0 0 0 0 0 0 0 0 
0 0 0 0 0 0 0 0 0 0 0 0 
0 0 0 0 0 0 0 0 0 0 0 0 
0 0 0 0 0 0 0 0 0 0 0 0 


[2,1 :3:]  [1,1 :2:]  [1,0 :3:]  [0,0 :1:]  [0,1 :1:]  [0,2 :1:]  [0,3 :4:]  [1,3 :4:]  [2,3 :2:]  [2,2 :4:]  [3,2 :2:]  [3,1 :3:]  

====================================================================
# 93      2758 times. 
1 1 1 0 0 0 0 0 0 0 0 0 
1 1 1 1 0 0 0 0 0 0 0 0 
0 1 1 1 0 0 0 0 0 0 0 0 
0 1 1 0 0 0 0 0 0 0 0 0 
0 0 0 0 0 0 0 0 0 0 0 0 
0 0 0 0 0 0 0 0 0 0 0 0 
0 0 0 0 0 0 0 0 0 0 0 0 
0 0 0 0 0 0 0 0 0 0 0 0 
0 0 0 0 0 0 0 0 0 0 0 0 
0 0 0 0 0 0 0 0 0 0 0 0 
0 0 0 0 0 0 0 0 0 0 0 0 
0 0 0 0 0 0 0 0 0 0 0 0 


[2,1 :3:]  [1,1 :2:]  [1,0 :3:]  [0,0 :1:]  [0,1 :1:]  [0,2 :4:]  [1,2 :1:]  [1,3 :4:]  [2,3 :2:]  [2,2 :4:]  [3,2 :2:]  [3,1 :3:]  

====================================================================
# 94      3055 times. 
1 1 1 0 0 0 0 0 0 0 0 0 
1 1 1 1 0 0 0 0 0 0 0 0 
0 1 0 1 0 0 0 0 0 0 0 0 
0 1 1 1 0 0 0 0 0 0 0 0 
0 0 0 0 0 0 0 0 0 0 0 0 
0 0 0 0 0 0 0 0 0 0 0 0 
0 0 0 0 0 0 0 0 0 0 0 0 
0 0 0 0 0 0 0 0 0 0 0 0 
0 0 0 0 0 0 0 0 0 0 0 0 
0 0 0 0 0 0 0 0 0 0 0 0 
0 0 0 0 0 0 0 0 0 0 0 0 
0 0 0 0 0 0 0 0 0 0 0 0 


[2,1 :3:]  [1,1 :2:]  [1,0 :3:]  [0,0 :1:]  [0,1 :1:]  [0,2 :4:]  [1,2 :1:]  [1,3 :4:]  [2,3 :4:]  [3,3 :2:]  [3,2 :2:]  [3,1 :3:]  

====================================================================
# 95      3626 times. 
1 1 1 0 0 0 0 0 0 0 0 0 
1 0 1 1 0 0 0 0 0 0 0 0 
1 1 0 1 0 0 0 0 0 0 0 0 
0 1 1 1 0 0 0 0 0 0 0 0 
0 0 0 0 0 0 0 0 0 0 0 0 
0 0 0 0 0 0 0 0 0 0 0 0 
0 0 0 0 0 0 0 0 0 0 0 0 
0 0 0 0 0 0 0 0 0 0 0 0 
0 0 0 0 0 0 0 0 0 0 0 0 
0 0 0 0 0 0 0 0 0 0 0 0 
0 0 0 0 0 0 0 0 0 0 0 0 
0 0 0 0 0 0 0 0 0 0 0 0 


[2,1 :2:]  [2,0 :3:]  [1,0 :3:]  [0,0 :1:]  [0,1 :1:]  [0,2 :4:]  [1,2 :1:]  [1,3 :4:]  [2,3 :4:]  [3,3 :2:]  [3,2 :2:]  [3,1 :3:]  

====================================================================
# 96      3123 times. 
1 1 0 0 0 0 0 0 0 0 0 0 
1 1 1 1 0 0 0 0 0 0 0 0 
1 1 0 1 0 0 0 0 0 0 0 0 
0 1 1 1 0 0 0 0 0 0 0 0 
0 0 0 0 0 0 0 0 0 0 0 0 
0 0 0 0 0 0 0 0 0 0 0 0 
0 0 0 0 0 0 0 0 0 0 0 0 
0 0 0 0 0 0 0 0 0 0 0 0 
0 0 0 0 0 0 0 0 0 0 0 0 
0 0 0 0 0 0 0 0 0 0 0 0 
0 0 0 0 0 0 0 0 0 0 0 0 
0 0 0 0 0 0 0 0 0 0 0 0 


[2,1 :2:]  [2,0 :3:]  [1,0 :3:]  [0,0 :1:]  [0,1 :4:]  [1,1 :1:]  [1,2 :1:]  [1,3 :4:]  [2,3 :4:]  [3,3 :2:]  [3,2 :2:]  [3,1 :3:]  

====================================================================
# 97      2688 times. 
1 1 0 0 0 0 0 0 0 0 0 0 
1 1 1 1 0 0 0 0 0 0 0 0 
1 1 1 1 0 0 0 0 0 0 0 0 
0 0 1 1 0 0 0 0 0 0 0 0 
0 0 0 0 0 0 0 0 0 0 0 0 
0 0 0 0 0 0 0 0 0 0 0 0 
0 0 0 0 0 0 0 0 0 0 0 0 
0 0 0 0 0 0 0 0 0 0 0 0 
0 0 0 0 0 0 0 0 0 0 0 0 
0 0 0 0 0 0 0 0 0 0 0 0 
0 0 0 0 0 0 0 0 0 0 0 0 
0 0 0 0 0 0 0 0 0 0 0 0 


[2,1 :2:]  [2,0 :3:]  [1,0 :3:]  [0,0 :1:]  [0,1 :4:]  [1,1 :1:]  [1,2 :1:]  [1,3 :4:]  [2,3 :4:]  [3,3 :2:]  [3,2 :3:]  [2,2 :2:]  

====================================================================
# 98      2247194 times. 
1 1 1 1 0 0 0 0 0 0 0 0 
1 0 0 1 0 0 0 0 0 0 0 0 
1 1 1 1 0 0 0 0 0 0 0 0 
0 0 1 1 0 0 0 0 0 0 0 0 
0 0 0 0 0 0 0 0 0 0 0 0 
0 0 0 0 0 0 0 0 0 0 0 0 
0 0 0 0 0 0 0 0 0 0 0 0 
0 0 0 0 0 0 0 0 0 0 0 0 
0 0 0 0 0 0 0 0 0 0 0 0 
0 0 0 0 0 0 0 0 0 0 0 0 
0 0 0 0 0 0 0 0 0 0 0 0 
0 0 0 0 0 0 0 0 0 0 0 0 


[2,1 :2:]  [2,0 :3:]  [1,0 :3:]  [0,0 :1:]  [0,1 :1:]  [0,2 :1:]  [0,3 :4:]  [1,3 :4:]  [2,3 :4:]  [3,3 :2:]  [3,2 :3:]  [2,2 :2:]  

====================================================================
# 99      562428 times. 
1 1 1 1 0 0 0 0 0 0 0 0 
1 1 0 1 0 0 0 0 0 0 0 0 
0 1 1 1 0 0 0 0 0 0 0 0 
0 0 1 1 0 0 0 0 0 0 0 0 
0 0 0 0 0 0 0 0 0 0 0 0 
0 0 0 0 0 0 0 0 0 0 0 0 
0 0 0 0 0 0 0 0 0 0 0 0 
0 0 0 0 0 0 0 0 0 0 0 0 
0 0 0 0 0 0 0 0 0 0 0 0 
0 0 0 0 0 0 0 0 0 0 0 0 
0 0 0 0 0 0 0 0 0 0 0 0 
0 0 0 0 0 0 0 0 0 0 0 0 


[2,1 :3:]  [1,1 :2:]  [1,0 :3:]  [0,0 :1:]  [0,1 :1:]  [0,2 :1:]  [0,3 :4:]  [1,3 :4:]  [2,3 :4:]  [3,3 :2:]  [3,2 :3:]  [2,2 :2:]  

====================================================================
# 100      2717 times. 
1 1 1 0 0 0 0 0 0 0 0 0 
1 1 1 1 0 0 0 0 0 0 0 0 
0 1 1 1 0 0 0 0 0 0 0 0 
0 0 1 1 0 0 0 0 0 0 0 0 
0 0 0 0 0 0 0 0 0 0 0 0 
0 0 0 0 0 0 0 0 0 0 0 0 
0 0 0 0 0 0 0 0 0 0 0 0 
0 0 0 0 0 0 0 0 0 0 0 0 
0 0 0 0 0 0 0 0 0 0 0 0 
0 0 0 0 0 0 0 0 0 0 0 0 
0 0 0 0 0 0 0 0 0 0 0 0 
0 0 0 0 0 0 0 0 0 0 0 0 


[2,1 :3:]  [1,1 :2:]  [1,0 :3:]  [0,0 :1:]  [0,1 :1:]  [0,2 :4:]  [1,2 :1:]  [1,3 :4:]  [2,3 :4:]  [3,3 :2:]  [3,2 :3:]  [2,2 :2:]  

====================================================================
# 101      3694 times. 
1 1 1 0 0 0 0 0 0 0 0 0 
1 0 1 1 0 0 0 0 0 0 0 0 
1 1 1 1 0 0 0 0 0 0 0 0 
0 0 1 1 0 0 0 0 0 0 0 0 
0 0 0 0 0 0 0 0 0 0 0 0 
0 0 0 0 0 0 0 0 0 0 0 0 
0 0 0 0 0 0 0 0 0 0 0 0 
0 0 0 0 0 0 0 0 0 0 0 0 
0 0 0 0 0 0 0 0 0 0 0 0 
0 0 0 0 0 0 0 0 0 0 0 0 
0 0 0 0 0 0 0 0 0 0 0 0 
0 0 0 0 0 0 0 0 0 0 0 0 


[2,1 :2:]  [2,0 :3:]  [1,0 :3:]  [0,0 :1:]  [0,1 :1:]  [0,2 :4:]  [1,2 :1:]  [1,3 :4:]  [2,3 :4:]  [3,3 :2:]  [3,2 :3:]  [2,2 :2:]  

====================================================================
# 102      4226 times. 
1 1 1 0 0 0 0 0 0 0 0 0 
1 1 1 0 0 0 0 0 0 0 0 0 
1 1 0 0 0 0 0 0 0 0 0 0 
1 1 0 0 0 0 0 0 0 0 0 0 
1 1 0 0 0 0 0 0 0 0 0 0 
0 0 0 0 0 0 0 0 0 0 0 0 
0 0 0 0 0 0 0 0 0 0 0 0 
0 0 0 0 0 0 0 0 0 0 0 0 
0 0 0 0 0 0 0 0 0 0 0 0 
0 0 0 0 0 0 0 0 0 0 0 0 
0 0 0 0 0 0 0 0 0 0 0 0 
0 0 0 0 0 0 0 0 0 0 0 0 


[4,0 :3:]  [3,0 :3:]  [2,0 :3:]  [1,0 :3:]  [0,0 :1:]  [0,1 :1:]  [0,2 :4:]  [1,2 :2:]  [1,1 :4:]  [2,1 :4:]  [3,1 :4:]  [4,1 :2:]  

====================================================================
# 103      3407 times. 
0 0 0 1 1 0 0 0 0 0 0 0 
1 1 1 1 1 0 0 0 0 0 0 0 
1 1 1 1 1 0 0 0 0 0 0 0 
0 0 0 0 0 0 0 0 0 0 0 0 
0 0 0 0 0 0 0 0 0 0 0 0 
0 0 0 0 0 0 0 0 0 0 0 0 
0 0 0 0 0 0 0 0 0 0 0 0 
0 0 0 0 0 0 0 0 0 0 0 0 
0 0 0 0 0 0 0 0 0 0 0 0 
0 0 0 0 0 0 0 0 0 0 0 0 
0 0 0 0 0 0 0 0 0 0 0 0 
0 0 0 0 0 0 0 0 0 0 0 0 


[2,0 :3:]  [1,0 :1:]  [1,1 :1:]  [1,2 :1:]  [1,3 :3:]  [0,3 :1:]  [0,4 :4:]  [1,4 :4:]  [2,4 :2:]  [2,3 :2:]  [2,2 :2:]  [2,1 :2:]  

====================================================================
# 104      4574 times. 
0 1 1 1 1 0 0 0 0 0 0 0 
1 1 0 0 1 0 0 0 0 0 0 0 
1 1 1 1 1 0 0 0 0 0 0 0 
0 0 0 0 0 0 0 0 0 0 0 0 
0 0 0 0 0 0 0 0 0 0 0 0 
0 0 0 0 0 0 0 0 0 0 0 0 
0 0 0 0 0 0 0 0 0 0 0 0 
0 0 0 0 0 0 0 0 0 0 0 0 
0 0 0 0 0 0 0 0 0 0 0 0 
0 0 0 0 0 0 0 0 0 0 0 0 
0 0 0 0 0 0 0 0 0 0 0 0 
0 0 0 0 0 0 0 0 0 0 0 0 


[2,0 :3:]  [1,0 :1:]  [1,1 :3:]  [0,1 :1:]  [0,2 :1:]  [0,3 :1:]  [0,4 :4:]  [1,4 :4:]  [2,4 :2:]  [2,3 :2:]  [2,2 :2:]  [2,1 :2:]  

====================================================================
# 105      4673 times. 
0 0 1 1 1 0 0 0 0 0 0 0 
1 1 1 0 1 0 0 0 0 0 0 0 
1 1 1 1 1 0 0 0 0 0 0 0 
0 0 0 0 0 0 0 0 0 0 0 0 
0 0 0 0 0 0 0 0 0 0 0 0 
0 0 0 0 0 0 0 0 0 0 0 0 
0 0 0 0 0 0 0 0 0 0 0 0 
0 0 0 0 0 0 0 0 0 0 0 0 
0 0 0 0 0 0 0 0 0 0 0 0 
0 0 0 0 0 0 0 0 0 0 0 0 
0 0 0 0 0 0 0 0 0 0 0 0 
0 0 0 0 0 0 0 0 0 0 0 0 


[2,0 :3:]  [1,0 :1:]  [1,1 :1:]  [1,2 :3:]  [0,2 :1:]  [0,3 :1:]  [0,4 :4:]  [1,4 :4:]  [2,4 :2:]  [2,3 :2:]  [2,2 :2:]  [2,1 :2:]  

====================================================================
# 106      3115 times. 
0 0 1 1 0 0 0 0 0 0 0 0 
1 1 1 1 1 0 0 0 0 0 0 0 
1 1 1 1 1 0 0 0 0 0 0 0 
0 0 0 0 0 0 0 0 0 0 0 0 
0 0 0 0 0 0 0 0 0 0 0 0 
0 0 0 0 0 0 0 0 0 0 0 0 
0 0 0 0 0 0 0 0 0 0 0 0 
0 0 0 0 0 0 0 0 0 0 0 0 
0 0 0 0 0 0 0 0 0 0 0 0 
0 0 0 0 0 0 0 0 0 0 0 0 
0 0 0 0 0 0 0 0 0 0 0 0 
0 0 0 0 0 0 0 0 0 0 0 0 


[2,0 :3:]  [1,0 :1:]  [1,1 :1:]  [1,2 :3:]  [0,2 :1:]  [0,3 :4:]  [1,3 :1:]  [1,4 :4:]  [2,4 :2:]  [2,3 :2:]  [2,2 :2:]  [2,1 :2:]  

====================================================================
# 107      4965 times. 
0 1 1 1 0 0 0 0 0 0 0 0 
1 1 0 1 1 0 0 0 0 0 0 0 
1 1 1 1 1 0 0 0 0 0 0 0 
0 0 0 0 0 0 0 0 0 0 0 0 
0 0 0 0 0 0 0 0 0 0 0 0 
0 0 0 0 0 0 0 0 0 0 0 0 
0 0 0 0 0 0 0 0 0 0 0 0 
0 0 0 0 0 0 0 0 0 0 0 0 
0 0 0 0 0 0 0 0 0 0 0 0 
0 0 0 0 0 0 0 0 0 0 0 0 
0 0 0 0 0 0 0 0 0 0 0 0 
0 0 0 0 0 0 0 0 0 0 0 0 


[2,0 :3:]  [1,0 :1:]  [1,1 :3:]  [0,1 :1:]  [0,2 :1:]  [0,3 :4:]  [1,3 :1:]  [1,4 :4:]  [2,4 :2:]  [2,3 :2:]  [2,2 :2:]  [2,1 :2:]  

====================================================================
# 108      19004 times. 
0 1 1 0 0 0 0 0 0 0 0 0 
1 1 1 1 1 0 0 0 0 0 0 0 
1 1 1 1 1 0 0 0 0 0 0 0 
0 0 0 0 0 0 0 0 0 0 0 0 
0 0 0 0 0 0 0 0 0 0 0 0 
0 0 0 0 0 0 0 0 0 0 0 0 
0 0 0 0 0 0 0 0 0 0 0 0 
0 0 0 0 0 0 0 0 0 0 0 0 
0 0 0 0 0 0 0 0 0 0 0 0 
0 0 0 0 0 0 0 0 0 0 0 0 
0 0 0 0 0 0 0 0 0 0 0 0 
0 0 0 0 0 0 0 0 0 0 0 0 


[2,0 :3:]  [1,0 :1:]  [1,1 :3:]  [0,1 :1:]  [0,2 :4:]  [1,2 :1:]  [1,3 :1:]  [1,4 :4:]  [2,4 :2:]  [2,3 :2:]  [2,2 :2:]  [2,1 :2:]  

====================================================================
# 109      4521 times. 
1 1 1 1 1 0 0 0 0 0 0 0 
1 0 1 1 1 0 0 0 0 0 0 0 
1 1 1 0 0 0 0 0 0 0 0 0 
0 0 0 0 0 0 0 0 0 0 0 0 
0 0 0 0 0 0 0 0 0 0 0 0 
0 0 0 0 0 0 0 0 0 0 0 0 
0 0 0 0 0 0 0 0 0 0 0 0 
0 0 0 0 0 0 0 0 0 0 0 0 
0 0 0 0 0 0 0 0 0 0 0 0 
0 0 0 0 0 0 0 0 0 0 0 0 
0 0 0 0 0 0 0 0 0 0 0 0 
0 0 0 0 0 0 0 0 0 0 0 0 


[2,0 :3:]  [1,0 :3:]  [0,0 :1:]  [0,1 :1:]  [0,2 :1:]  [0,3 :1:]  [0,4 :4:]  [1,4 :2:]  [1,3 :2:]  [1,2 :4:]  [2,2 :2:]  [2,1 :2:]  

====================================================================
# 110      5358 times. 
1 1 1 1 1 0 0 0 0 0 0 0 
1 0 0 1 1 0 0 0 0 0 0 0 
1 1 1 1 0 0 0 0 0 0 0 0 
0 0 0 0 0 0 0 0 0 0 0 0 
0 0 0 0 0 0 0 0 0 0 0 0 
0 0 0 0 0 0 0 0 0 0 0 0 
0 0 0 0 0 0 0 0 0 0 0 0 
0 0 0 0 0 0 0 0 0 0 0 0 
0 0 0 0 0 0 0 0 0 0 0 0 
0 0 0 0 0 0 0 0 0 0 0 0 
0 0 0 0 0 0 0 0 0 0 0 0 
0 0 0 0 0 0 0 0 0 0 0 0 


[2,0 :3:]  [1,0 :3:]  [0,0 :1:]  [0,1 :1:]  [0,2 :1:]  [0,3 :1:]  [0,4 :4:]  [1,4 :2:]  [1,3 :4:]  [2,3 :2:]  [2,2 :2:]  [2,1 :2:]  

====================================================================
# 111      13182 times. 
1 1 1 1 1 0 0 0 0 0 0 0 
1 1 1 1 1 0 0 0 0 0 0 0 
1 1 0 0 0 0 0 0 0 0 0 0 
0 0 0 0 0 0 0 0 0 0 0 0 
0 0 0 0 0 0 0 0 0 0 0 0 
0 0 0 0 0 0 0 0 0 0 0 0 
0 0 0 0 0 0 0 0 0 0 0 0 
0 0 0 0 0 0 0 0 0 0 0 0 
0 0 0 0 0 0 0 0 0 0 0 0 
0 0 0 0 0 0 0 0 0 0 0 0 
0 0 0 0 0 0 0 0 0 0 0 0 
0 0 0 0 0 0 0 0 0 0 0 0 


[2,0 :3:]  [1,0 :3:]  [0,0 :1:]  [0,1 :1:]  [0,2 :1:]  [0,3 :1:]  [0,4 :4:]  [1,4 :2:]  [1,3 :2:]  [1,2 :2:]  [1,1 :4:]  [2,1 :2:]  

====================================================================
# 112      3199 times. 
1 1 1 0 0 0 0 0 0 0 0 0 
1 1 1 0 0 0 0 0 0 0 0 0 
0 1 1 0 0 0 0 0 0 0 0 0 
0 1 1 0 0 0 0 0 0 0 0 0 
0 1 1 0 0 0 0 0 0 0 0 0 
0 0 0 0 0 0 0 0 0 0 0 0 
0 0 0 0 0 0 0 0 0 0 0 0 
0 0 0 0 0 0 0 0 0 0 0 0 
0 0 0 0 0 0 0 0 0 0 0 0 
0 0 0 0 0 0 0 0 0 0 0 0 
0 0 0 0 0 0 0 0 0 0 0 0 
0 0 0 0 0 0 0 0 0 0 0 0 


[3,1 :3:]  [2,1 :3:]  [1,1 :2:]  [1,0 :3:]  [0,0 :1:]  [0,1 :1:]  [0,2 :4:]  [1,2 :4:]  [2,2 :4:]  [3,2 :4:]  [4,2 :2:]  [4,1 :3:]  

====================================================================
# 113      7134 times. 
1 1 1 0 0 0 0 0 0 0 0 0 
1 0 1 0 0 0 0 0 0 0 0 0 
1 1 1 0 0 0 0 0 0 0 0 0 
0 1 1 0 0 0 0 0 0 0 0 0 
0 1 1 0 0 0 0 0 0 0 0 0 
0 0 0 0 0 0 0 0 0 0 0 0 
0 0 0 0 0 0 0 0 0 0 0 0 
0 0 0 0 0 0 0 0 0 0 0 0 
0 0 0 0 0 0 0 0 0 0 0 0 
0 0 0 0 0 0 0 0 0 0 0 0 
0 0 0 0 0 0 0 0 0 0 0 0 
0 0 0 0 0 0 0 0 0 0 0 0 


[3,1 :3:]  [2,1 :2:]  [2,0 :3:]  [1,0 :3:]  [0,0 :1:]  [0,1 :1:]  [0,2 :4:]  [1,2 :4:]  [2,2 :4:]  [3,2 :4:]  [4,2 :2:]  [4,1 :3:]  

====================================================================
# 114      6737 times. 
1 1 0 0 0 0 0 0 0 0 0 0 
1 1 1 0 0 0 0 0 0 0 0 0 
1 1 1 0 0 0 0 0 0 0 0 0 
0 1 1 0 0 0 0 0 0 0 0 0 
0 1 1 0 0 0 0 0 0 0 0 0 
0 0 0 0 0 0 0 0 0 0 0 0 
0 0 0 0 0 0 0 0 0 0 0 0 
0 0 0 0 0 0 0 0 0 0 0 0 
0 0 0 0 0 0 0 0 0 0 0 0 
0 0 0 0 0 0 0 0 0 0 0 0 
0 0 0 0 0 0 0 0 0 0 0 0 
0 0 0 0 0 0 0 0 0 0 0 0 


[3,1 :3:]  [2,1 :2:]  [2,0 :3:]  [1,0 :3:]  [0,0 :1:]  [0,1 :4:]  [1,1 :1:]  [1,2 :4:]  [2,2 :4:]  [3,2 :4:]  [4,2 :2:]  [4,1 :3:]  

====================================================================
# 115      21518 times. 
1 1 1 1 0 0 0 0 0 0 0 0 
1 1 1 1 0 0 0 0 0 0 0 0 
1 1 0 0 0 0 0 0 0 0 0 0 
1 1 0 0 0 0 0 0 0 0 0 0 
0 0 0 0 0 0 0 0 0 0 0 0 
0 0 0 0 0 0 0 0 0 0 0 0 
0 0 0 0 0 0 0 0 0 0 0 0 
0 0 0 0 0 0 0 0 0 0 0 0 
0 0 0 0 0 0 0 0 0 0 0 0 
0 0 0 0 0 0 0 0 0 0 0 0 
0 0 0 0 0 0 0 0 0 0 0 0 
0 0 0 0 0 0 0 0 0 0 0 0 


[3,0 :3:]  [2,0 :3:]  [1,0 :3:]  [0,0 :1:]  [0,1 :1:]  [0,2 :1:]  [0,3 :4:]  [1,3 :2:]  [1,2 :2:]  [1,1 :4:]  [2,1 :4:]  [3,1 :2:]  

====================================================================
# 116      2999 times. 
0 1 1 1 1 0 0 0 0 0 0 0 
1 1 1 1 1 0 0 0 0 0 0 0 
1 1 1 0 0 0 0 0 0 0 0 0 
0 0 0 0 0 0 0 0 0 0 0 0 
0 0 0 0 0 0 0 0 0 0 0 0 
0 0 0 0 0 0 0 0 0 0 0 0 
0 0 0 0 0 0 0 0 0 0 0 0 
0 0 0 0 0 0 0 0 0 0 0 0 
0 0 0 0 0 0 0 0 0 0 0 0 
0 0 0 0 0 0 0 0 0 0 0 0 
0 0 0 0 0 0 0 0 0 0 0 0 
0 0 0 0 0 0 0 0 0 0 0 0 


[2,0 :3:]  [1,0 :1:]  [1,1 :3:]  [0,1 :1:]  [0,2 :1:]  [0,3 :1:]  [0,4 :4:]  [1,4 :2:]  [1,3 :2:]  [1,2 :4:]  [2,2 :2:]  [2,1 :2:]  

====================================================================
# 117      5527 times. 
0 1 1 1 1 0 0 0 0 0 0 0 
1 1 0 1 1 0 0 0 0 0 0 0 
1 1 1 1 0 0 0 0 0 0 0 0 
0 0 0 0 0 0 0 0 0 0 0 0 
0 0 0 0 0 0 0 0 0 0 0 0 
0 0 0 0 0 0 0 0 0 0 0 0 
0 0 0 0 0 0 0 0 0 0 0 0 
0 0 0 0 0 0 0 0 0 0 0 0 
0 0 0 0 0 0 0 0 0 0 0 0 
0 0 0 0 0 0 0 0 0 0 0 0 
0 0 0 0 0 0 0 0 0 0 0 0 
0 0 0 0 0 0 0 0 0 0 0 0 


[2,0 :3:]  [1,0 :1:]  [1,1 :3:]  [0,1 :1:]  [0,2 :1:]  [0,3 :1:]  [0,4 :4:]  [1,4 :2:]  [1,3 :4:]  [2,3 :2:]  [2,2 :2:]  [2,1 :2:]  

====================================================================
# 118      25925 times. 
0 0 1 1 1 0 0 0 0 0 0 0 
1 1 1 1 1 0 0 0 0 0 0 0 
1 1 1 1 0 0 0 0 0 0 0 0 
0 0 0 0 0 0 0 0 0 0 0 0 
0 0 0 0 0 0 0 0 0 0 0 0 
0 0 0 0 0 0 0 0 0 0 0 0 
0 0 0 0 0 0 0 0 0 0 0 0 
0 0 0 0 0 0 0 0 0 0 0 0 
0 0 0 0 0 0 0 0 0 0 0 0 
0 0 0 0 0 0 0 0 0 0 0 0 
0 0 0 0 0 0 0 0 0 0 0 0 
0 0 0 0 0 0 0 0 0 0 0 0 


[2,0 :3:]  [1,0 :1:]  [1,1 :1:]  [1,2 :3:]  [0,2 :1:]  [0,3 :1:]  [0,4 :4:]  [1,4 :2:]  [1,3 :4:]  [2,3 :2:]  [2,2 :2:]  [2,1 :2:]  

====================================================================
# 119      2909 times. 
1 1 1 1 1 0 0 0 0 0 0 0 
1 1 1 1 1 0 0 0 0 0 0 0 
0 0 1 1 0 0 0 0 0 0 0 0 
0 0 0 0 0 0 0 0 0 0 0 0 
0 0 0 0 0 0 0 0 0 0 0 0 
0 0 0 0 0 0 0 0 0 0 0 0 
0 0 0 0 0 0 0 0 0 0 0 0 
0 0 0 0 0 0 0 0 0 0 0 0 
0 0 0 0 0 0 0 0 0 0 0 0 
0 0 0 0 0 0 0 0 0 0 0 0 
0 0 0 0 0 0 0 0 0 0 0 0 
0 0 0 0 0 0 0 0 0 0 0 0 


[1,1 :2:]  [1,0 :3:]  [0,0 :1:]  [0,1 :1:]  [0,2 :1:]  [0,3 :1:]  [0,4 :4:]  [1,4 :2:]  [1,3 :4:]  [2,3 :2:]  [2,2 :3:]  [1,2 :2:]  

====================================================================
# 120      5381 times. 
1 1 1 1 1 0 0 0 0 0 0 0 
1 1 0 1 1 0 0 0 0 0 0 0 
0 1 1 1 0 0 0 0 0 0 0 0 
0 0 0 0 0 0 0 0 0 0 0 0 
0 0 0 0 0 0 0 0 0 0 0 0 
0 0 0 0 0 0 0 0 0 0 0 0 
0 0 0 0 0 0 0 0 0 0 0 0 
0 0 0 0 0 0 0 0 0 0 0 0 
0 0 0 0 0 0 0 0 0 0 0 0 
0 0 0 0 0 0 0 0 0 0 0 0 
0 0 0 0 0 0 0 0 0 0 0 0 
0 0 0 0 0 0 0 0 0 0 0 0 


[1,1 :2:]  [1,0 :3:]  [0,0 :1:]  [0,1 :1:]  [0,2 :1:]  [0,3 :1:]  [0,4 :4:]  [1,4 :2:]  [1,3 :4:]  [2,3 :2:]  [2,2 :2:]  [2,1 :3:]  

====================================================================
# 121      26978 times. 
1 1 1 1 1 0 0 0 0 0 0 0 
1 1 1 1 1 0 0 0 0 0 0 0 
0 1 1 0 0 0 0 0 0 0 0 0 
0 0 0 0 0 0 0 0 0 0 0 0 
0 0 0 0 0 0 0 0 0 0 0 0 
0 0 0 0 0 0 0 0 0 0 0 0 
0 0 0 0 0 0 0 0 0 0 0 0 
0 0 0 0 0 0 0 0 0 0 0 0 
0 0 0 0 0 0 0 0 0 0 0 0 
0 0 0 0 0 0 0 0 0 0 0 0 
0 0 0 0 0 0 0 0 0 0 0 0 
0 0 0 0 0 0 0 0 0 0 0 0 


[1,1 :2:]  [1,0 :3:]  [0,0 :1:]  [0,1 :1:]  [0,2 :1:]  [0,3 :1:]  [0,4 :4:]  [1,4 :2:]  [1,3 :2:]  [1,2 :4:]  [2,2 :2:]  [2,1 :3:]  

====================================================================
# 122      77125 times. 
0 1 1 0 0 0 0 0 0 0 0 0 
1 1 1 0 0 0 0 0 0 0 0 0 
1 1 1 0 0 0 0 0 0 0 0 0 
0 1 1 0 0 0 0 0 0 0 0 0 
0 1 1 0 0 0 0 0 0 0 0 0 
0 0 0 0 0 0 0 0 0 0 0 0 
0 0 0 0 0 0 0 0 0 0 0 0 
0 0 0 0 0 0 0 0 0 0 0 0 
0 0 0 0 0 0 0 0 0 0 0 0 
0 0 0 0 0 0 0 0 0 0 0 0 
0 0 0 0 0 0 0 0 0 0 0 0 
0 0 0 0 0 0 0 0 0 0 0 0 


[3,1 :3:]  [2,1 :2:]  [2,0 :3:]  [1,0 :1:]  [1,1 :3:]  [0,1 :1:]  [0,2 :4:]  [1,2 :4:]  [2,2 :4:]  [3,2 :4:]  [4,2 :2:]  [4,1 :3:]  

====================================================================
# 123      52806 times. 
1 1 1 0 0 0 0 0 0 0 0 0 
1 1 1 0 0 0 0 0 0 0 0 0 
1 1 1 0 0 0 0 0 0 0 0 0 
1 1 1 0 0 0 0 0 0 0 0 0 
0 0 0 0 0 0 0 0 0 0 0 0 
0 0 0 0 0 0 0 0 0 0 0 0 
0 0 0 0 0 0 0 0 0 0 0 0 
0 0 0 0 0 0 0 0 0 0 0 0 
0 0 0 0 0 0 0 0 0 0 0 0 
0 0 0 0 0 0 0 0 0 0 0 0 
0 0 0 0 0 0 0 0 0 0 0 0 
0 0 0 0 0 0 0 0 0 0 0 0 


[2,0 :1:]  [2,1 :3:]  [1,1 :2:]  [1,0 :3:]  [0,0 :1:]  [0,1 :1:]  [0,2 :4:]  [1,2 :4:]  [2,2 :4:]  [3,2 :2:]  [3,1 :2:]  [3,0 :3:]  

====================================================================
# 124      42677481 times. 
1 1 1 1 0 0 0 0 0 0 0 0 
1 1 1 1 0 0 0 0 0 0 0 0 
0 0 1 1 0 0 0 0 0 0 0 0 
0 0 1 1 0 0 0 0 0 0 0 0 
0 0 0 0 0 0 0 0 0 0 0 0 
0 0 0 0 0 0 0 0 0 0 0 0 
0 0 0 0 0 0 0 0 0 0 0 0 
0 0 0 0 0 0 0 0 0 0 0 0 
0 0 0 0 0 0 0 0 0 0 0 0 
0 0 0 0 0 0 0 0 0 0 0 0 
0 0 0 0 0 0 0 0 0 0 0 0 
0 0 0 0 0 0 0 0 0 0 0 0 


[1,2 :2:]  [1,1 :2:]  [1,0 :3:]  [0,0 :1:]  [0,1 :1:]  [0,2 :1:]  [0,3 :4:]  [1,3 :4:]  [2,3 :4:]  [3,3 :2:]  [3,2 :3:]  [2,2 :3:]  

====================================================================
# 125      0 times. 
smac9:Desktop tup916$ 
